,labels
0,3
1,4
2,3
3,4
4,4
5,4
6,4
7,3
8,3
9,16
10,3
11,3
12,4
13,4
14,19
15,8
16,16
17,3
18,3
19,21
20,11
21,4
22,4
23,3
24,3
25,1
26,3
27,1
28,3
29,16
30,1
31,4
32,13
33,20
34,1
35,4
36,4
37,11
38,3
39,3
40,3
41,11
42,16
43,4
44,4
45,20
46,18
47,25
48,19
49,3
50,4
51,3
52,4
53,3
54,4
55,3
56,3
57,4
58,4
59,3
60,4
61,4
62,3
63,19
64,35
65,8
66,4
67,4
68,3
69,16
70,25
71,3
72,11
73,3
74,9
75,16
76,38
77,10
78,4
79,4
80,9
81,3
82,3
83,28
84,20
85,3
86,3
87,3
88,3
89,3
90,4
91,4
92,3
93,4
94,2
95,3
96,1
97,3
98,19
99,4
100,20
101,3
102,3
103,19
104,4
105,4
106,11
107,11
108,4
109,4
110,9
111,3
112,11
113,3
114,11
115,3
116,3
117,4
118,11
119,3
120,3
121,13
122,4
123,1
124,3
125,4
126,21
127,19
128,4
129,4
130,4
131,3
132,3
133,3
134,21
135,4
136,4
137,11
138,4
139,3
140,6
141,3
142,3
143,4
144,4
145,4
146,3
147,3
148,12
149,4
150,7
151,3
152,19
153,3
154,4
155,8
156,3
157,16
158,4
159,1
160,21
161,4
162,3
163,3
164,16
165,19
166,4
167,3
168,11
169,4
170,19
171,11
172,3
173,16
174,1
175,3
176,12
177,19
178,3
179,10
180,3
181,28
182,3
183,4
184,3
185,3
186,4
187,4
188,3
189,3
190,13
191,3
192,30
193,19
194,1
195,6
196,3
197,19
198,3
199,3
200,34
201,4
202,21
203,15
204,9
205,18
206,4
207,1
208,11
209,4
210,9
211,3
212,1
213,16
214,3
215,21
216,2
217,4
218,4
219,3
220,16
221,16
222,3
223,16
224,4
225,14
226,1
227,4
228,4
229,4
230,11
231,3
232,3
233,3
234,4
235,19
236,3
237,4
238,3
239,20
240,3
241,4
242,19
243,3
244,3
245,4
246,3
247,3
248,19
249,3
250,3
251,1
252,3
253,11
254,3
255,4
256,20
257,32
258,3
259,20
260,4
261,41
262,4
263,40
264,3
265,4
266,2
267,13
268,14
269,12
270,19
271,4
272,3
273,3
274,16
275,13
276,10
277,13
278,3
279,4
280,4
281,16
282,13
283,4
284,28
285,30
286,3
287,4
288,21
289,3
290,4
291,34
292,3
293,4
294,3
295,3
296,4
297,4
298,28
299,13
300,3
301,45
302,4
303,3
304,4
305,3
306,20
307,3
308,1
309,3
310,3
311,19
312,19
313,3
314,1
315,19
316,1
317,13
318,4
319,3
320,3
321,4
322,4
323,3
324,4
325,10
326,20
327,3
328,4
329,3
330,4
331,10
332,3
333,3
334,8
335,4
336,19
337,4
338,23
339,4
340,3
341,45
342,4
343,4
344,3
345,4
346,20
347,3
348,4
349,3
350,4
351,3
352,16
353,3
354,3
355,3
356,20
357,3
358,3
359,3
360,2
361,42
362,28
363,1
364,4
365,3
366,3
367,3
368,4
369,3
370,19
371,4
372,4
373,3
374,4
375,4
376,1
377,19
378,26
379,8
380,1
381,28
382,30
383,3
384,16
385,3
386,3
387,3
388,3
389,24
390,4
391,9
392,37
393,19
394,3
395,19
396,4
397,18
398,4
399,4
400,3
401,13
402,16
403,3
404,23
405,4
406,3
407,11
408,27
409,3
410,4
411,13
412,4
413,1
414,3
415,3
416,4
417,34
418,9
419,21
420,3
421,10
422,3
423,3
424,4
425,3
426,11
427,20
428,3
429,4
430,3
431,13
432,31
433,16
434,4
435,3
436,12
437,4
438,4
439,4
440,3
441,4
442,3
443,3
444,3
445,3
446,11
447,34
448,3
449,3
450,3
451,20
452,1
453,3
454,40
455,3
456,25
457,39
458,3
459,1
460,3
461,4
462,8
463,3
464,13
465,3
466,0
467,3
468,19
469,3
470,3
471,3
472,3
473,3
474,4
475,4
476,19
477,1
478,19
479,16
480,3
481,11
482,11
483,4
484,3
485,4
486,4
487,3
488,4
489,10
490,8
491,25
492,3
493,3
494,10
495,21
496,4
497,3
498,19
499,18
500,21
501,3
502,4
503,3
504,21
505,12
506,22
507,4
508,11
509,3
510,3
511,4
512,3
513,3
514,20
515,1
516,4
517,20
518,3
519,3
520,4
521,19
522,4
523,3
524,3
525,16
526,9
527,19
528,16
529,4
530,41
531,38
532,10
533,1
534,3
535,1
536,4
537,3
538,3
539,9
540,3
541,30
542,20
543,4
544,3
545,40
546,8
547,4
548,19
549,1
550,3
551,3
552,3
553,3
554,4
555,33
556,4
557,3
558,3
559,11
560,3
561,19
562,3
563,3
564,3
565,24
566,3
567,3
568,4
569,4
570,3
571,19
572,33
573,1
574,19
575,30
576,3
577,4
578,4
579,4
580,3
581,20
582,3
583,6
584,0
585,4
586,16
587,3
588,3
589,19
590,4
591,3
592,3
593,3
594,22
595,19
596,19
597,3
598,4
599,3
600,10
601,3
602,2
603,34
604,3
605,3
606,3
607,16
608,3
609,31
610,3
611,4
612,3
613,1
614,3
615,16
616,11
617,28
618,4
619,24
620,3
621,3
622,10
623,11
624,3
625,3
626,4
627,4
628,4
629,40
630,3
631,3
632,3
633,19
634,4
635,3
636,1
637,4
638,3
639,3
640,11
641,3
642,3
643,4
644,16
645,3
646,8
647,8
648,11
649,23
650,3
651,3
652,3
653,4
654,11
655,3
656,20
657,3
658,19
659,1
660,3
661,28
662,8
663,4
664,3
665,1
666,3
667,19
668,13
669,4
670,11
671,4
672,4
673,4
674,3
675,11
676,3
677,11
678,4
679,3
680,3
681,3
682,4
683,4
684,4
685,3
686,4
687,37
688,4
689,8
690,3
691,3
692,3
693,3
694,19
695,36
696,3
697,32
698,4
699,3
700,16
701,12
702,3
703,3
704,12
705,8
706,8
707,3
708,3
709,1
710,3
711,21
712,19
713,13
714,3
715,4
716,34
717,19
718,42
719,9
720,45
721,3
722,19
723,19
724,3
725,3
726,3
727,34
728,16
729,3
730,40
731,3
732,3
733,8
734,4
735,1
736,1
737,4
738,42
739,3
740,9
741,16
742,37
743,3
744,16
745,11
746,4
747,4
748,9
749,12
750,3
751,4
752,1
753,3
754,16
755,4
756,3
757,3
758,3
759,41
760,16
761,24
762,4
763,4
764,19
765,3
766,3
767,3
768,3
769,3
770,3
771,13
772,3
773,3
774,3
775,11
776,3
777,11
778,3
779,3
780,4
781,3
782,9
783,20
784,4
785,16
786,3
787,16
788,11
789,4
790,4
791,34
792,4
793,4
794,0
795,3
796,3
797,3
798,4
799,2
800,4
801,3
802,20
803,3
804,3
805,3
806,18
807,3
808,3
809,16
810,32
811,16
812,4
813,1
814,20
815,4
816,3
817,25
818,34
819,19
820,3
821,3
822,3
823,3
824,18
825,36
826,45
827,34
828,3
829,19
830,11
831,4
832,4
833,3
834,20
835,19
836,3
837,10
838,21
839,13
840,10
841,8
842,13
843,41
844,10
845,1
846,1
847,3
848,4
849,3
850,4
851,22
852,16
853,3
854,4
855,19
856,10
857,4
858,9
859,4
860,3
861,19
862,3
863,4
864,0
865,3
866,3
867,4
868,16
869,8
870,14
871,1
872,4
873,3
874,20
875,16
876,12
877,4
878,3
879,10
880,3
881,4
882,11
883,31
884,18
885,3
886,3
887,20
888,3
889,1
890,1
891,26
892,16
893,19
894,1
895,11
896,3
897,3
898,11
899,11
900,4
901,18
902,4
903,21
904,11
905,4
906,4
907,3
908,4
909,3
910,4
911,0
912,3
913,3
914,36
915,4
916,13
917,3
918,4
919,16
920,11
921,15
922,1
923,1
924,10
925,3
926,3
927,4
928,4
929,3
930,3
931,3
932,36
933,4
934,11
935,3
936,3
937,28
938,4
939,3
940,4
941,12
942,16
943,4
944,4
945,21
946,19
947,19
948,19
949,2
950,19
951,1
952,3
953,4
954,19
955,25
956,11
957,3
958,16
959,3
960,3
961,30
962,2
963,3
964,3
965,3
966,19
967,16
968,3
969,3
970,3
971,3
972,3
973,4
974,16
975,4
976,3
977,11
978,4
979,3
980,4
981,3
982,3
983,4
984,4
985,19
986,4
987,3
988,4
989,13
990,3
991,0
992,3
993,16
994,4
995,20
996,3
997,3
998,16
999,3
1000,19
1001,3
1002,3
1003,3
1004,3
1005,28
1006,4
1007,4
1008,19
1009,3
1010,40
1011,11
1012,3
1013,10
1014,3
1015,36
1016,4
1017,1
1018,3
1019,4
1020,19
1021,3
1022,4
1023,19
1024,17
1025,38
1026,4
1027,3
1028,3
1029,4
1030,3
1031,4
1032,11
1033,19
1034,15
1035,13
1036,3
1037,4
1038,20
1039,11
1040,3
1041,1
1042,19
1043,4
1044,0
1045,3
1046,43
1047,19
1048,3
1049,3
1050,24
1051,25
1052,4
1053,3
1054,10
1055,4
1056,3
1057,11
1058,4
1059,16
1060,31
1061,3
1062,20
1063,3
1064,4
1065,11
1066,17
1067,3
1068,3
1069,4
1070,24
1071,3
1072,22
1073,8
1074,4
1075,4
1076,2
1077,3
1078,3
1079,1
1080,4
1081,4
1082,1
1083,2
1084,3
1085,16
1086,3
1087,4
1088,1
1089,28
1090,3
1091,39
1092,3
1093,3
1094,36
1095,4
1096,3
1097,4
1098,3
1099,29
1100,8
1101,4
1102,4
1103,3
1104,11
1105,37
1106,16
1107,3
1108,3
1109,16
1110,40
1111,31
1112,12
1113,13
1114,25
1115,3
1116,3
1117,1
1118,3
1119,9
1120,3
1121,6
1122,3
1123,19
1124,3
1125,4
1126,21
1127,4
1128,3
1129,4
1130,3
1131,4
1132,3
1133,28
1134,3
1135,3
1136,32
1137,4
1138,3
1139,19
1140,4
1141,30
1142,19
1143,2
1144,1
1145,11
1146,3
1147,1
1148,3
1149,1
1150,16
1151,3
1152,1
1153,42
1154,3
1155,4
1156,3
1157,3
1158,4
1159,3
1160,19
1161,19
1162,11
1163,3
1164,4
1165,4
1166,21
1167,3
1168,1
1169,1
1170,19
1171,3
1172,17
1173,3
1174,3
1175,40
1176,16
1177,3
1178,19
1179,3
1180,3
1181,20
1182,4
1183,3
1184,3
1185,11
1186,3
1187,3
1188,3
1189,13
1190,3
1191,3
1192,3
1193,1
1194,34
1195,3
1196,3
1197,39
1198,13
1199,8
1200,19
1201,0
1202,3
1203,27
1204,4
1205,3
1206,4
1207,3
1208,3
1209,3
1210,15
1211,11
1212,19
1213,1
1214,4
1215,3
1216,25
1217,4
1218,4
1219,16
1220,16
1221,3
1222,19
1223,1
1224,3
1225,19
1226,17
1227,4
1228,8
1229,3
1230,4
1231,3
1232,22
1233,11
1234,31
1235,16
1236,4
1237,16
1238,30
1239,19
1240,21
1241,11
1242,3
1243,4
1244,3
1245,10
1246,3
1247,11
1248,11
1249,4
1250,3
1251,19
1252,16
1253,3
1254,4
1255,11
1256,19
1257,19
1258,19
1259,16
1260,1
1261,3
1262,19
1263,19
1264,4
1265,3
1266,3
1267,3
1268,3
1269,3
1270,4
1271,19
1272,11
1273,4
1274,4
1275,3
1276,3
1277,3
1278,1
1279,3
1280,3
1281,4
1282,20
1283,31
1284,3
1285,4
1286,20
1287,3
1288,3
1289,19
1290,4
1291,4
1292,20
1293,24
1294,3
1295,8
1296,11
1297,41
1298,28
1299,4
1300,3
1301,16
1302,4
1303,3
1304,3
1305,4
1306,3
1307,4
1308,4
1309,4
1310,8
1311,16
1312,19
1313,13
1314,11
1315,3
1316,10
1317,3
1318,3
1319,33
1320,4
1321,4
1322,3
1323,4
1324,3
1325,4
1326,3
1327,4
1328,25
1329,4
1330,23
1331,3
1332,4
1333,24
1334,12
1335,3
1336,3
1337,39
1338,3
1339,4
1340,3
1341,4
1342,19
1343,3
1344,6
1345,3
1346,3
1347,3
1348,3
1349,19
1350,3
1351,3
1352,1
1353,11
1354,4
1355,11
1356,4
1357,4
1358,3
1359,28
1360,4
1361,4
1362,2
1363,3
1364,44
1365,11
1366,3
1367,4
1368,4
1369,3
1370,9
1371,19
1372,4
1373,3
1374,3
1375,4
1376,4
1377,8
1378,20
1379,4
1380,24
1381,38
1382,13
1383,23
1384,40
1385,19
1386,3
1387,8
1388,3
1389,20
1390,25
1391,3
1392,4
1393,19
1394,3
1395,31
1396,4
1397,11
1398,4
1399,4
1400,1
1401,36
1402,4
1403,3
1404,23
1405,13
1406,3
1407,21
1408,8
1409,21
1410,13
1411,16
1412,4
1413,4
1414,3
1415,11
1416,11
1417,13
1418,23
1419,4
1420,4
1421,4
1422,3
1423,4
1424,3
1425,3
1426,4
1427,4
1428,4
1429,19
1430,3
1431,4
1432,3
1433,3
1434,20
1435,3
1436,7
1437,16
1438,10
1439,11
1440,3
1441,3
1442,21
1443,3
1444,11
1445,3
1446,20
1447,2
1448,3
1449,3
1450,20
1451,19
1452,4
1453,3
1454,4
1455,10
1456,3
1457,32
1458,3
1459,20
1460,4
1461,3
1462,19
1463,12
1464,11
1465,8
1466,20
1467,20
1468,4
1469,4
1470,3
1471,3
1472,11
1473,21
1474,11
1475,3
1476,3
1477,4
1478,3
1479,4
1480,3
1481,4
1482,4
1483,4
1484,3
1485,3
1486,13
1487,4
1488,3
1489,4
1490,19
1491,17
1492,4
1493,3
1494,3
1495,11
1496,28
1497,4
1498,28
1499,4
1500,3
1501,19
1502,4
1503,3
1504,36
1505,3
1506,20
1507,3
1508,4
1509,3
1510,17
1511,16
1512,1
1513,3
1514,3
1515,1
1516,28
1517,3
1518,3
1519,3
1520,16
1521,3
1522,4
1523,4
1524,19
1525,19
1526,4
1527,0
1528,3
1529,3
1530,3
1531,3
1532,4
1533,11
1534,19
1535,4
1536,3
1537,1
1538,3
1539,20
1540,25
1541,3
1542,19
1543,4
1544,25
1545,20
1546,3
1547,3
1548,4
1549,11
1550,3
1551,4
1552,3
1553,13
1554,3
1555,19
1556,4
1557,3
1558,4
1559,4
1560,16
1561,3
1562,9
1563,1
1564,3
1565,3
1566,6
1567,1
1568,8
1569,2
1570,3
1571,3
1572,13
1573,3
1574,16
1575,19
1576,3
1577,4
1578,4
1579,3
1580,3
1581,3
1582,4
1583,4
1584,11
1585,3
1586,3
1587,19
1588,1
1589,4
1590,4
1591,3
1592,3
1593,4
1594,2
1595,19
1596,4
1597,2
1598,8
1599,4
1600,16
1601,4
1602,14
1603,4
1604,16
1605,1
1606,3
1607,3
1608,4
1609,3
1610,5
1611,11
1612,19
1613,4
1614,3
1615,14
1616,3
1617,19
1618,10
1619,16
1620,3
1621,3
1622,4
1623,16
1624,4
1625,25
1626,4
1627,1
1628,3
1629,11
1630,19
1631,4
1632,4
1633,19
1634,3
1635,16
1636,16
1637,4
1638,3
1639,4
1640,4
1641,11
1642,13
1643,19
1644,3
1645,4
1646,4
1647,3
1648,3
1649,4
1650,3
1651,26
1652,11
1653,4
1654,29
1655,3
1656,18
1657,3
1658,11
1659,3
1660,3
1661,16
1662,3
1663,1
1664,4
1665,3
1666,20
1667,4
1668,3
1669,0
1670,3
1671,3
1672,34
1673,20
1674,1
1675,4
1676,14
1677,16
1678,4
1679,36
1680,19
1681,35
1682,3
1683,3
1684,13
1685,4
1686,3
1687,19
1688,4
1689,4
1690,4
1691,23
1692,20
1693,40
1694,4
1695,3
1696,20
1697,1
1698,3
1699,3
1700,27
1701,1
1702,4
1703,4
1704,11
1705,17
1706,13
1707,4
1708,3
1709,3
1710,16
1711,8
1712,16
1713,3
1714,16
1715,8
1716,21
1717,19
1718,4
1719,1
1720,10
1721,4
1722,3
1723,3
1724,31
1725,19
1726,11
1727,3
1728,3
1729,3
1730,3
1731,4
1732,4
1733,3
1734,11
1735,3
1736,3
1737,4
1738,10
1739,4
1740,16
1741,4
1742,18
1743,4
1744,6
1745,3
1746,34
1747,11
1748,3
1749,4
1750,19
1751,3
1752,3
1753,3
1754,17
1755,1
1756,4
1757,20
1758,3
1759,29
1760,19
1761,0
1762,3
1763,2
1764,4
1765,3
1766,4
1767,4
1768,3
1769,25
1770,4
1771,10
1772,16
1773,8
1774,16
1775,3
1776,16
1777,3
1778,3
1779,9
1780,19
1781,20
1782,3
1783,3
1784,4
1785,3
1786,4
1787,4
1788,19
1789,4
1790,10
1791,0
1792,24
1793,36
1794,20
1795,4
1796,4
1797,3
1798,3
1799,1
1800,19
1801,3
1802,4
1803,19
1804,11
1805,3
1806,3
1807,38
1808,4
1809,24
1810,3
1811,3
1812,19
1813,3
1814,25
1815,10
1816,3
1817,16
1818,4
1819,4
1820,1
1821,20
1822,16
1823,19
1824,3
1825,3
1826,3
1827,11
1828,11
1829,4
1830,3
1831,19
1832,3
1833,4
1834,19
1835,3
1836,20
1837,5
1838,4
1839,19
1840,16
1841,16
1842,19
1843,7
1844,16
1845,3
1846,3
1847,13
1848,3
1849,16
1850,8
1851,4
1852,3
1853,11
1854,0
1855,1
1856,1
1857,3
1858,38
1859,40
1860,18
1861,11
1862,4
1863,3
1864,4
1865,19
1866,30
1867,10
1868,3
1869,41
1870,19
1871,23
1872,9
1873,3
1874,20
1875,3
1876,1
1877,4
1878,4
1879,3
1880,16
1881,4
1882,8
1883,1
1884,30
1885,20
1886,4
1887,3
1888,3
1889,3
1890,3
1891,3
1892,3
1893,3
1894,1
1895,3
1896,11
1897,4
1898,4
1899,1
1900,19
1901,1
1902,41
1903,4
1904,3
1905,8
1906,1
1907,16
1908,3
1909,3
1910,3
1911,4
1912,10
1913,4
1914,4
1915,4
1916,4
1917,4
1918,4
1919,3
1920,4
1921,3
1922,3
1923,19
1924,3
1925,3
1926,4
1927,3
1928,11
1929,4
1930,18
1931,1
1932,1
1933,3
1934,30
1935,3
1936,4
1937,11
1938,13
1939,20
1940,3
1941,3
1942,1
1943,19
1944,4
1945,4
1946,1
1947,19
1948,11
1949,3
1950,4
1951,3
1952,19
1953,16
1954,3
1955,4
1956,26
1957,4
1958,4
1959,19
1960,37
1961,10
1962,3
1963,19
1964,3
1965,3
1966,4
1967,3
1968,20
1969,8
1970,4
1971,3
1972,9
1973,4
1974,3
1975,13
1976,3
1977,11
1978,3
1979,16
1980,4
1981,3
1982,3
1983,4
1984,17
1985,16
1986,3
1987,23
1988,3
1989,4
1990,6
1991,3
1992,19
1993,3
1994,28
1995,3
1996,39
1997,10
1998,3
1999,11
2000,3
2001,3
2002,3
2003,3
2004,3
2005,4
2006,3
2007,4
2008,20
2009,3
2010,3
2011,16
2012,17
2013,3
2014,19
2015,21
2016,1
2017,3
2018,11
2019,3
2020,27
2021,8
2022,3
2023,4
2024,17
2025,20
2026,9
2027,4
2028,16
2029,2
2030,4
2031,4
2032,11
2033,3
2034,3
2035,32
2036,39
2037,1
2038,3
2039,4
2040,4
2041,20
2042,3
2043,1
2044,4
2045,4
2046,6
2047,1
2048,3
2049,3
2050,3
2051,4
2052,4
2053,3
2054,4
2055,39
2056,4
2057,20
2058,28
2059,21
2060,0
2061,3
2062,4
2063,2
2064,3
2065,21
2066,3
2067,36
2068,32
2069,3
2070,9
2071,41
2072,3
2073,10
2074,37
2075,3
2076,1
2077,13
2078,3
2079,19
2080,4
2081,3
2082,0
2083,19
2084,4
2085,36
2086,3
2087,1
2088,3
2089,1
2090,3
2091,3
2092,3
2093,1
2094,3
2095,4
2096,4
2097,4
2098,16
2099,3
2100,1
2101,25
2102,4
2103,4
2104,3
2105,19
2106,10
2107,4
2108,16
2109,36
2110,3
2111,18
2112,11
2113,3
2114,3
2115,13
2116,4
2117,4
2118,1
2119,4
2120,4
2121,4
2122,3
2123,4
2124,3
2125,3
2126,4
2127,3
2128,19
2129,4
2130,3
2131,3
2132,1
2133,3
2134,20
2135,3
2136,10
2137,3
2138,43
2139,3
2140,3
2141,9
2142,3
2143,3
2144,24
2145,25
2146,4
2147,11
2148,3
2149,11
2150,3
2151,3
2152,3
2153,3
2154,4
2155,8
2156,3
2157,20
2158,3
2159,3
2160,1
2161,4
2162,3
2163,3
2164,3
2165,10
2166,3
2167,17
2168,4
2169,3
2170,4
2171,3
2172,1
2173,3
2174,3
2175,39
2176,3
2177,1
2178,4
2179,16
2180,3
2181,16
2182,8
2183,4
2184,4
2185,19
2186,3
2187,3
2188,4
2189,11
2190,26
2191,4
2192,19
2193,16
2194,12
2195,39
2196,3
2197,16
2198,8
2199,4
2200,3
2201,3
2202,3
2203,28
2204,3
2205,3
2206,13
2207,20
2208,13
2209,4
2210,35
2211,3
2212,3
2213,3
2214,1
2215,3
2216,3
2217,16
2218,3
2219,4
2220,16
2221,16
2222,11
2223,11
2224,4
2225,4
2226,3
2227,3
2228,3
2229,31
2230,19
2231,31
2232,11
2233,3
2234,4
2235,20
2236,4
2237,23
2238,13
2239,4
2240,4
2241,4
2242,3
2243,3
2244,3
2245,21
2246,16
2247,13
2248,10
2249,20
2250,3
2251,25
2252,4
2253,3
2254,3
2255,16
2256,2
2257,4
2258,1
2259,3
2260,8
2261,11
2262,3
2263,3
2264,3
2265,3
2266,0
2267,19
2268,3
2269,0
2270,3
2271,11
2272,11
2273,4
2274,3
2275,3
2276,3
2277,3
2278,3
2279,16
2280,11
2281,1
2282,30
2283,4
2284,3
2285,19
2286,19
2287,3
2288,3
2289,4
2290,3
2291,3
2292,3
2293,13
2294,4
2295,29
2296,19
2297,3
2298,11
2299,4
2300,19
2301,1
2302,13
2303,11
2304,4
2305,3
2306,3
2307,4
2308,6
2309,36
2310,4
2311,3
2312,4
2313,3
2314,4
2315,4
2316,8
2317,3
2318,20
2319,4
2320,3
2321,3
2322,4
2323,4
2324,20
2325,4
2326,3
2327,3
2328,19
2329,3
2330,3
2331,3
2332,3
2333,34
2334,1
2335,3
2336,4
2337,4
2338,11
2339,19
2340,19
2341,10
2342,29
2343,25
2344,4
2345,19
2346,4
2347,22
2348,21
2349,4
2350,8
2351,3
2352,3
2353,4
2354,11
2355,15
2356,8
2357,3
2358,44
2359,3
2360,3
2361,3
2362,3
2363,3
2364,3
2365,3
2366,16
2367,4
2368,43
2369,16
2370,3
2371,11
2372,3
2373,3
2374,3
2375,4
2376,3
2377,16
2378,4
2379,4
2380,4
2381,3
2382,3
2383,4
2384,3
2385,4
2386,3
2387,3
2388,19
2389,3
2390,4
2391,1
2392,3
2393,3
2394,4
2395,20
2396,19
2397,3
2398,4
2399,21
2400,12
2401,3
2402,3
2403,3
2404,25
2405,4
2406,3
2407,20
2408,3
2409,9
2410,4
2411,11
2412,16
2413,3
2414,45
2415,13
2416,3
2417,4
2418,3
2419,16
2420,3
2421,24
2422,3
2423,4
2424,3
2425,20
2426,32
2427,3
2428,4
2429,3
2430,11
2431,10
2432,0
2433,3
2434,4
2435,4
2436,17
2437,1
2438,3
2439,4
2440,3
2441,3
2442,19
2443,4
2444,16
2445,4
2446,4
2447,21
2448,9
2449,40
2450,13
2451,19
2452,4
2453,30
2454,3
2455,4
2456,4
2457,3
2458,3
2459,26
2460,4
2461,17
2462,3
2463,19
2464,4
2465,20
2466,3
2467,8
2468,3
2469,9
2470,3
2471,11
2472,3
2473,9
2474,3
2475,21
2476,18
2477,20
2478,25
2479,16
2480,2
2481,26
2482,4
2483,3
2484,3
2485,4
2486,3
2487,8
2488,3
2489,20
2490,4
2491,3
2492,3
2493,19
2494,3
2495,4
2496,3
2497,11
2498,8
2499,3
2500,19
2501,11
2502,13
2503,4
2504,19
2505,16
2506,28
2507,4
2508,3
2509,3
2510,2
2511,4
2512,32
2513,1
2514,4
2515,3
2516,19
2517,4
2518,3
2519,19
2520,9
2521,1
2522,4
2523,3
2524,40
2525,3
2526,3
2527,34
2528,21
2529,4
2530,3
2531,4
2532,6
2533,4
2534,16
2535,3
2536,1
2537,4
2538,24
2539,4
2540,21
2541,4
2542,20
2543,13
2544,20
2545,19
2546,3
2547,20
2548,19
2549,4
2550,3
2551,4
2552,4
2553,41
2554,16
2555,19
2556,4
2557,4
2558,6
2559,4
2560,19
2561,19
2562,1
2563,3
2564,3
2565,23
2566,3
2567,4
2568,3
2569,3
2570,3
2571,6
2572,4
2573,20
2574,20
2575,4
2576,19
2577,19
2578,1
2579,3
2580,3
2581,3
2582,3
2583,3
2584,4
2585,1
2586,4
2587,3
2588,3
2589,35
2590,9
2591,25
2592,20
2593,16
2594,4
2595,44
2596,3
2597,19
2598,4
2599,3
2600,3
2601,3
2602,4
2603,3
2604,3
2605,32
2606,4
2607,3
2608,3
2609,4
2610,3
2611,10
2612,16
2613,3
2614,4
2615,4
2616,4
2617,6
2618,19
2619,3
2620,4
2621,3
2622,30
2623,3
2624,1
2625,3
2626,4
2627,3
2628,3
2629,4
2630,3
2631,2
2632,3
2633,9
2634,4
2635,1
2636,19
2637,20
2638,32
2639,30
2640,14
2641,19
2642,4
2643,16
2644,3
2645,4
2646,3
2647,3
2648,4
2649,4
2650,19
2651,3
2652,3
2653,3
2654,3
2655,3
2656,3
2657,3
2658,3
2659,3
2660,3
2661,3
2662,16
2663,4
2664,3
2665,12
2666,11
2667,43
2668,8
2669,3
2670,16
2671,3
2672,28
2673,44
2674,42
2675,3
2676,19
2677,4
2678,21
2679,16
2680,16
2681,4
2682,3
2683,1
2684,20
2685,4
2686,16
2687,0
2688,3
2689,4
2690,17
2691,32
2692,3
2693,4
2694,11
2695,19
2696,3
2697,3
2698,24
2699,16
2700,13
2701,16
2702,20
2703,6
2704,3
2705,4
2706,18
2707,1
2708,4
2709,25
2710,1
2711,16
2712,21
2713,3
2714,3
2715,25
2716,20
2717,16
2718,3
2719,4
2720,28
2721,3
2722,8
2723,11
2724,3
2725,3
2726,3
2727,6
2728,16
2729,11
2730,3
2731,3
2732,3
2733,4
2734,3
2735,19
2736,3
2737,4
2738,19
2739,3
2740,4
2741,4
2742,4
2743,3
2744,4
2745,4
2746,11
2747,3
2748,20
2749,11
2750,36
2751,3
2752,13
2753,3
2754,3
2755,1
2756,4
2757,8
2758,3
2759,3
2760,4
2761,25
2762,16
2763,3
2764,3
2765,3
2766,19
2767,3
2768,19
2769,14
2770,3
2771,28
2772,4
2773,3
2774,16
2775,3
2776,3
2777,3
2778,3
2779,9
2780,3
2781,3
2782,3
2783,3
2784,3
2785,3
2786,3
2787,3
2788,20
2789,3
2790,4
2791,4
2792,3
2793,3
2794,11
2795,3
2796,4
2797,3
2798,27
2799,3
2800,19
2801,24
2802,3
2803,41
2804,3
2805,3
2806,4
2807,19
2808,19
2809,3
2810,3
2811,3
2812,19
2813,3
2814,3
2815,36
2816,20
2817,1
2818,4
2819,8
2820,27
2821,3
2822,11
2823,3
2824,3
2825,4
2826,13
2827,8
2828,4
2829,4
2830,3
2831,3
2832,10
2833,3
2834,19
2835,12
2836,20
2837,3
2838,8
2839,19
2840,11
2841,3
2842,4
2843,3
2844,19
2845,3
2846,1
2847,4
2848,4
2849,20
2850,4
2851,3
2852,1
2853,4
2854,3
2855,4
2856,16
2857,19
2858,11
2859,3
2860,3
2861,20
2862,10
2863,19
2864,6
2865,4
2866,4
2867,3
2868,3
2869,3
2870,12
2871,3
2872,3
2873,17
2874,1
2875,19
2876,20
2877,18
2878,27
2879,4
2880,3
2881,3
2882,31
2883,4
2884,3
2885,3
2886,11
2887,1
2888,4
2889,4
2890,18
2891,11
2892,3
2893,4
2894,3
2895,3
2896,4
2897,29
2898,13
2899,19
2900,11
2901,19
2902,4
2903,3
2904,4
2905,24
2906,3
2907,31
2908,4
2909,3
2910,19
2911,3
2912,19
2913,16
2914,1
2915,11
2916,3
2917,4
2918,31
2919,3
2920,3
2921,8
2922,11
2923,4
2924,4
2925,3
2926,4
2927,4
2928,21
2929,3
2930,4
2931,3
2932,4
2933,31
2934,3
2935,20
2936,1
2937,9
2938,19
2939,35
2940,11
2941,3
2942,8
2943,1
2944,4
2945,3
2946,3
2947,4
2948,3
2949,3
2950,3
2951,3
2952,18
2953,4
2954,1
2955,9
2956,4
2957,13
2958,4
2959,3
2960,2
2961,3
2962,4
2963,3
2964,4
2965,20
2966,4
2967,4
2968,11
2969,3
2970,18
2971,3
2972,3
2973,8
2974,3
2975,1
2976,1
2977,4
2978,30
2979,1
2980,3
2981,3
2982,44
2983,4
2984,42
2985,20
2986,3
2987,4
2988,31
2989,19
2990,3
2991,18
2992,11
2993,4
2994,18
2995,43
2996,3
2997,4
2998,21
2999,16
3000,3
3001,16
3002,34
3003,4
3004,10
3005,3
3006,13
3007,1
3008,4
3009,4
3010,3
3011,4
3012,20
3013,18
3014,3
3015,3
3016,23
3017,3
3018,3
3019,1
3020,4
3021,3
3022,3
3023,4
3024,24
3025,7
3026,20
3027,3
3028,16
3029,1
3030,11
3031,40
3032,4
3033,3
3034,3
3035,4
3036,19
3037,3
3038,4
3039,4
3040,3
3041,3
3042,27
3043,12
3044,11
3045,39
3046,8
3047,1
3048,20
3049,19
3050,4
3051,3
3052,1
3053,4
3054,1
3055,9
3056,25
3057,3
3058,20
3059,43
3060,3
3061,4
3062,4
3063,3
3064,3
3065,3
3066,21
3067,20
3068,3
3069,4
3070,3
3071,9
3072,13
3073,4
3074,3
3075,24
3076,8
3077,3
3078,4
3079,4
3080,4
3081,11
3082,3
3083,1
3084,12
3085,3
3086,9
3087,1
3088,19
3089,2
3090,1
3091,41
3092,24
3093,3
3094,3
3095,1
3096,3
3097,3
3098,11
3099,14
3100,3
3101,3
3102,3
3103,3
3104,16
3105,13
3106,3
3107,3
3108,4
3109,33
3110,19
3111,3
3112,21
3113,11
3114,3
3115,3
3116,3
3117,3
3118,9
3119,4
3120,3
3121,7
3122,4
3123,3
3124,10
3125,3
3126,32
3127,4
3128,11
3129,9
3130,3
3131,3
3132,19
3133,3
3134,3
3135,3
3136,1
3137,43
3138,13
3139,3
3140,4
3141,10
3142,3
3143,3
3144,11
3145,20
3146,4
3147,16
3148,3
3149,1
3150,3
3151,3
3152,3
3153,20
3154,3
3155,3
3156,3
3157,3
3158,3
3159,3
3160,3
3161,4
3162,19
3163,14
3164,3
3165,3
3166,3
3167,4
3168,19
3169,11
3170,3
3171,19
3172,3
3173,4
3174,3
3175,3
3176,39
3177,3
3178,3
3179,3
3180,10
3181,1
3182,1
3183,8
3184,4
3185,13
3186,41
3187,4
3188,18
3189,3
3190,6
3191,9
3192,11
3193,11
3194,4
3195,45
3196,43
3197,3
3198,3
3199,21
3200,9
3201,3
3202,3
3203,13
3204,3
3205,3
3206,3
3207,3
3208,36
3209,19
3210,3
3211,4
3212,16
3213,3
3214,4
3215,1
3216,4
3217,3
3218,3
3219,16
3220,4
3221,13
3222,3
3223,16
3224,3
3225,4
3226,8
3227,1
3228,36
3229,4
3230,10
3231,3
3232,10
3233,11
3234,4
3235,11
3236,19
3237,20
3238,3
3239,34
3240,1
3241,13
3242,2
3243,3
3244,4
3245,3
3246,4
3247,4
3248,3
3249,16
3250,11
3251,42
3252,3
3253,4
3254,4
3255,3
3256,19
3257,0
3258,16
3259,20
3260,16
3261,32
3262,1
3263,4
3264,4
3265,22
3266,4
3267,3
3268,3
3269,33
3270,4
3271,3
3272,4
3273,30
3274,3
3275,4
3276,3
3277,4
3278,4
3279,16
3280,3
3281,4
3282,44
3283,3
3284,4
3285,20
3286,4
3287,13
3288,4
3289,4
3290,19
3291,19
3292,3
3293,3
3294,3
3295,11
3296,3
3297,21
3298,3
3299,8
3300,4
3301,4
3302,4
3303,4
3304,4
3305,4
3306,4
3307,31
3308,4
3309,4
3310,3
3311,16
3312,3
3313,3
3314,4
3315,34
3316,10
3317,3
3318,11
3319,4
3320,1
3321,19
3322,4
3323,3
3324,3
3325,20
3326,4
3327,3
3328,3
3329,3
3330,16
3331,13
3332,4
3333,3
3334,3
3335,4
3336,30
3337,4
3338,3
3339,1
3340,1
3341,3
3342,13
3343,23
3344,4
3345,16
3346,4
3347,3
3348,3
3349,19
3350,4
3351,11
3352,13
3353,41
3354,1
3355,11
3356,1
3357,3
3358,11
3359,3
3360,19
3361,19
3362,3
3363,24
3364,4
3365,35
3366,3
3367,1
3368,13
3369,9
3370,13
3371,3
3372,4
3373,1
3374,11
3375,8
3376,4
3377,12
3378,19
3379,4
3380,3
3381,3
3382,11
3383,16
3384,9
3385,19
3386,3
3387,4
3388,4
3389,4
3390,3
3391,2
3392,3
3393,20
3394,1
3395,3
3396,13
3397,25
3398,16
3399,3
3400,9
3401,17
3402,11
3403,21
3404,19
3405,11
3406,3
3407,3
3408,3
3409,44
3410,4
3411,3
3412,3
3413,3
3414,16
3415,4
3416,3
3417,4
3418,3
3419,3
3420,19
3421,11
3422,25
3423,20
3424,3
3425,3
3426,4
3427,3
3428,23
3429,4
3430,3
3431,4
3432,16
3433,3
3434,3
3435,19
3436,3
3437,34
3438,3
3439,4
3440,3
3441,44
3442,3
3443,1
3444,4
3445,3
3446,9
3447,20
3448,4
3449,3
3450,16
3451,1
3452,13
3453,3
3454,36
3455,4
3456,3
3457,3
3458,4
3459,20
3460,19
3461,3
3462,11
3463,8
3464,25
3465,16
3466,1
3467,3
3468,3
3469,37
3470,13
3471,4
3472,4
3473,16
3474,4
3475,16
3476,1
3477,4
3478,4
3479,3
3480,4
3481,25
3482,19
3483,3
3484,4
3485,3
3486,29
3487,4
3488,3
3489,4
3490,3
3491,9
3492,3
3493,3
3494,20
3495,28
3496,3
3497,23
3498,11
3499,1
3500,8
3501,19
3502,3
3503,1
3504,11
3505,19
3506,9
3507,3
3508,20
3509,16
3510,4
3511,8
3512,4
3513,3
3514,3
3515,3
3516,3
3517,1
3518,3
3519,3
3520,3
3521,3
3522,8
3523,3
3524,11
3525,3
3526,16
3527,4
3528,3
3529,19
3530,11
3531,4
3532,3
3533,16
3534,3
3535,4
3536,4
3537,4
3538,3
3539,3
3540,3
3541,4
3542,8
3543,3
3544,3
3545,3
3546,4
3547,11
3548,3
3549,3
3550,3
3551,1
3552,8
3553,3
3554,3
3555,3
3556,4
3557,3
3558,3
3559,16
3560,20
3561,3
3562,3
3563,11
3564,3
3565,4
3566,23
3567,3
3568,11
3569,3
3570,1
3571,4
3572,11
3573,4
3574,3
3575,4
3576,10
3577,1
3578,2
3579,3
3580,16
3581,4
3582,4
3583,36
3584,38
3585,16
3586,1
3587,19
3588,10
3589,3
3590,19
3591,21
3592,3
3593,3
3594,3
3595,3
3596,16
3597,3
3598,3
3599,4
3600,18
3601,20
3602,1
3603,19
3604,4
3605,13
3606,4
3607,4
3608,4
3609,3
3610,4
3611,16
3612,4
3613,4
3614,11
3615,25
3616,13
3617,36
3618,1
3619,19
3620,3
3621,3
3622,10
3623,25
3624,4
3625,4
3626,7
3627,4
3628,3
3629,19
3630,16
3631,4
3632,24
3633,2
3634,13
3635,3
3636,4
3637,16
3638,3
3639,3
3640,1
3641,37
3642,19
3643,3
3644,10
3645,32
3646,16
3647,1
3648,3
3649,4
3650,3
3651,4
3652,11
3653,44
3654,10
3655,4
3656,4
3657,3
3658,11
3659,1
3660,3
3661,3
3662,8
3663,3
3664,1
3665,3
3666,3
3667,3
3668,18
3669,19
3670,4
3671,3
3672,2
3673,29
3674,4
3675,3
3676,1
3677,11
3678,3
3679,25
3680,3
3681,4
3682,24
3683,4
3684,4
3685,9
3686,3
3687,1
3688,19
3689,4
3690,4
3691,3
3692,3
3693,3
3694,10
3695,3
3696,4
3697,3
3698,19
3699,6
3700,3
3701,3
3702,4
3703,19
3704,3
3705,11
3706,2
3707,16
3708,11
3709,16
3710,19
3711,3
3712,3
3713,3
3714,3
3715,3
3716,4
3717,41
3718,1
3719,3
3720,11
3721,20
3722,21
3723,4
3724,3
3725,4
3726,15
3727,3
3728,3
3729,26
3730,3
3731,24
3732,8
3733,24
3734,3
3735,3
3736,3
3737,4
3738,10
3739,16
3740,16
3741,4
3742,4
3743,4
3744,4
3745,2
3746,3
3747,3
3748,4
3749,3
3750,34
3751,16
3752,4
3753,3
3754,4
3755,3
3756,3
3757,3
3758,4
3759,14
3760,4
3761,19
3762,0
3763,4
3764,3
3765,6
3766,4
3767,4
3768,4
3769,4
3770,1
3771,4
3772,8
3773,1
3774,3
3775,3
3776,4
3777,3
3778,4
3779,21
3780,34
3781,19
3782,12
3783,3
3784,14
3785,3
3786,21
3787,2
3788,18
3789,10
3790,6
3791,3
3792,3
3793,3
3794,16
3795,3
3796,3
3797,3
3798,36
3799,3
3800,18
3801,3
3802,36
3803,3
3804,4
3805,16
3806,11
3807,2
3808,4
3809,4
3810,19
3811,3
3812,3
3813,3
3814,20
3815,3
3816,3
3817,3
3818,23
3819,3
3820,25
3821,3
3822,4
3823,33
3824,3
3825,4
3826,4
3827,4
3828,4
3829,20
3830,3
3831,25
3832,3
3833,3
3834,35
3835,19
3836,34
3837,3
3838,11
3839,4
3840,3
3841,3
3842,20
3843,3
3844,3
3845,5
3846,3
3847,24
3848,1
3849,3
3850,4
3851,10
3852,4
3853,3
3854,1
3855,3
3856,3
3857,3
3858,3
3859,3
3860,13
3861,3
3862,4
3863,3
3864,3
3865,3
3866,3
3867,9
3868,3
3869,3
3870,16
3871,16
3872,20
3873,19
3874,4
3875,19
3876,1
3877,25
3878,3
3879,16
3880,4
3881,4
3882,4
3883,19
3884,2
3885,1
3886,34
3887,3
3888,11
3889,3
3890,4
3891,43
3892,3
3893,4
3894,4
3895,3
3896,20
3897,21
3898,3
3899,39
3900,3
3901,3
3902,4
3903,20
3904,3
3905,16
3906,3
3907,3
3908,21
3909,3
3910,16
3911,3
3912,3
3913,4
3914,11
3915,19
3916,3
3917,4
3918,3
3919,14
3920,9
3921,2
3922,3
3923,1
3924,11
3925,4
3926,19
3927,20
3928,2
3929,9
3930,16
3931,3
3932,19
3933,36
3934,3
3935,4
3936,3
3937,3
3938,18
3939,3
3940,31
3941,9
3942,4
3943,19
3944,4
3945,19
3946,3
3947,21
3948,3
3949,4
3950,4
3951,3
3952,9
3953,18
3954,19
3955,4
3956,4
3957,3
3958,4
3959,3
3960,3
3961,3
3962,3
3963,3
3964,3
3965,16
3966,40
3967,1
3968,21
3969,3
3970,3
3971,17
3972,13
3973,2
3974,19
3975,3
3976,3
3977,30
3978,16
3979,4
3980,43
3981,3
3982,41
3983,3
3984,3
3985,19
3986,3
3987,3
3988,10
3989,3
3990,4
3991,20
3992,9
3993,29
3994,15
3995,4
3996,3
3997,18
3998,3
3999,17
4000,21
4001,3
4002,19
4003,20
4004,3
4005,3
4006,3
4007,19
4008,4
4009,9
4010,3
4011,10
4012,9
4013,3
4014,3
4015,13
4016,3
4017,16
4018,3
4019,16
4020,3
4021,3
4022,8
4023,19
4024,3
4025,15
4026,8
4027,3
4028,4
4029,8
4030,3
4031,4
4032,4
4033,16
4034,4
4035,3
4036,11
4037,4
4038,4
4039,19
4040,2
4041,4
4042,3
4043,4
4044,5
4045,31
4046,19
4047,3
4048,13
4049,3
4050,20
4051,15
4052,3
4053,4
4054,8
4055,3
4056,19
4057,20
4058,1
4059,1
4060,3
4061,4
4062,16
4063,16
4064,34
4065,20
4066,3
4067,18
4068,3
4069,3
4070,19
4071,4
4072,4
4073,24
4074,20
4075,3
4076,3
4077,18
4078,3
4079,3
4080,3
4081,3
4082,1
4083,23
4084,36
4085,4
4086,5
4087,4
4088,45
4089,4
4090,3
4091,4
4092,4
4093,3
4094,20
4095,3
4096,1
4097,4
4098,3
4099,3
4100,3
4101,3
4102,6
4103,4
4104,4
4105,4
4106,11
4107,19
4108,5
4109,3
4110,4
4111,3
4112,4
4113,4
4114,40
4115,4
4116,21
4117,3
4118,11
4119,3
4120,4
4121,4
4122,3
4123,4
4124,4
4125,4
4126,1
4127,3
4128,3
4129,4
4130,3
4131,4
4132,19
4133,3
4134,3
4135,3
4136,11
4137,16
4138,11
4139,0
4140,3
4141,3
4142,3
4143,4
4144,3
4145,3
4146,33
4147,3
4148,3
4149,19
4150,3
4151,4
4152,4
4153,3
4154,34
4155,4
4156,16
4157,25
4158,4
4159,3
4160,4
4161,16
4162,3
4163,20
4164,16
4165,4
4166,3
4167,32
4168,1
4169,6
4170,4
4171,11
4172,3
4173,3
4174,3
4175,3
4176,16
4177,10
4178,20
4179,1
4180,3
4181,3
4182,4
4183,0
4184,2
4185,8
4186,4
4187,19
4188,3
4189,20
4190,3
4191,19
4192,3
4193,3
4194,3
4195,4
4196,3
4197,16
4198,3
4199,4
4200,3
4201,19
4202,3
4203,3
4204,10
4205,3
4206,4
4207,9
4208,3
4209,3
4210,3
4211,3
4212,4
4213,16
4214,3
4215,3
4216,19
4217,36
4218,1
4219,24
4220,19
4221,13
4222,3
4223,4
4224,34
4225,4
4226,8
4227,3
4228,19
4229,3
4230,4
4231,8
4232,3
4233,22
4234,3
4235,4
4236,3
4237,4
4238,10
4239,4
4240,34
4241,3
4242,19
4243,3
4244,4
4245,4
4246,4
4247,3
4248,4
4249,16
4250,4
4251,4
4252,3
4253,36
4254,3
4255,36
4256,19
4257,19
4258,11
4259,24
4260,19
4261,4
4262,11
4263,4
4264,24
4265,3
4266,16
4267,4
4268,19
4269,4
4270,4
4271,0
4272,38
4273,19
4274,3
4275,4
4276,4
4277,1
4278,4
4279,25
4280,16
4281,29
4282,13
4283,4
4284,4
4285,16
4286,11
4287,4
4288,7
4289,8
4290,1
4291,3
4292,4
4293,6
4294,4
4295,19
4296,4
4297,11
4298,16
4299,3
4300,3
4301,11
4302,16
4303,16
4304,10
4305,4
4306,3
4307,19
4308,10
4309,1
4310,3
4311,19
4312,43
4313,19
4314,20
4315,18
4316,39
4317,3
4318,1
4319,3
4320,3
4321,3
4322,1
4323,4
4324,37
4325,16
4326,20
4327,39
4328,4
4329,3
4330,18
4331,16
4332,11
4333,4
4334,3
4335,3
4336,3
4337,4
4338,4
4339,9
4340,4
4341,4
4342,3
4343,3
4344,3
4345,4
4346,1
4347,3
4348,4
4349,3
4350,4
4351,3
4352,4
4353,28
4354,3
4355,3
4356,3
4357,21
4358,3
4359,5
4360,4
4361,1
4362,3
4363,3
4364,3
4365,4
4366,3
4367,3
4368,3
4369,18
4370,19
4371,3
4372,4
4373,4
4374,19
4375,30
4376,3
4377,13
4378,21
4379,3
4380,16
4381,4
4382,3
4383,3
4384,34
4385,4
4386,25
4387,3
4388,3
4389,3
4390,3
4391,11
4392,3
4393,4
4394,19
4395,3
4396,19
4397,19
4398,3
4399,10
4400,4
4401,37
4402,19
4403,4
4404,16
4405,3
4406,3
4407,1
4408,3
4409,4
4410,1
4411,4
4412,3
4413,3
4414,3
4415,3
4416,11
4417,8
4418,3
4419,19
4420,4
4421,3
4422,19
4423,3
4424,23
4425,3
4426,4
4427,4
4428,11
4429,1
4430,3
4431,4
4432,16
4433,19
4434,16
4435,3
4436,4
4437,4
4438,4
4439,3
4440,3
4441,11
4442,3
4443,19
4444,40
4445,25
4446,4
4447,4
4448,23
4449,3
4450,1
4451,3
4452,40
4453,16
4454,19
4455,8
4456,3
4457,19
4458,10
4459,20
4460,4
4461,3
4462,4
4463,3
4464,20
4465,24
4466,4
4467,4
4468,3
4469,11
4470,8
4471,4
4472,3
4473,9
4474,4
4475,25
4476,3
4477,3
4478,3
4479,4
4480,3
4481,4
4482,9
4483,3
4484,9
4485,3
4486,3
4487,3
4488,16
4489,19
4490,16
4491,27
4492,4
4493,16
4494,3
4495,19
4496,7
4497,4
4498,3
4499,3
4500,3
4501,4
4502,3
4503,11
4504,3
4505,4
4506,16
4507,1
4508,28
4509,16
4510,21
4511,12
4512,11
4513,3
4514,1
4515,4
4516,3
4517,11
4518,16
4519,1
4520,1
4521,13
4522,3
4523,3
4524,4
4525,3
4526,11
4527,3
4528,16
4529,6
4530,1
4531,4
4532,4
4533,4
4534,4
4535,3
4536,18
4537,4
4538,4
4539,3
4540,16
4541,3
4542,3
4543,4
4544,3
4545,3
4546,3
4547,3
4548,4
4549,32
4550,4
4551,4
4552,3
4553,30
4554,19
4555,4
4556,3
4557,4
4558,4
4559,25
4560,13
4561,4
4562,3
4563,3
4564,3
4565,3
4566,4
4567,3
4568,3
4569,11
4570,3
4571,12
4572,4
4573,3
4574,4
4575,3
4576,11
4577,17
4578,10
4579,3
4580,3
4581,3
4582,34
4583,4
4584,1
4585,4
4586,4
4587,3
4588,3
4589,37
4590,20
4591,3
4592,3
4593,3
4594,3
4595,4
4596,16
4597,3
4598,4
4599,3
4600,4
4601,4
4602,16
4603,16
4604,3
4605,3
4606,3
4607,11
4608,18
4609,3
4610,4
4611,16
4612,3
4613,19
4614,1
4615,19
4616,8
4617,6
4618,4
4619,4
4620,19
4621,5
4622,3
4623,4
4624,31
4625,4
4626,19
4627,20
4628,3
4629,4
4630,19
4631,4
4632,3
4633,3
4634,4
4635,4
4636,3
4637,13
4638,36
4639,11
4640,4
4641,23
4642,3
4643,3
4644,19
4645,3
4646,3
4647,4
4648,4
4649,25
4650,12
4651,3
4652,4
4653,1
4654,4
4655,1
4656,3
4657,4
4658,3
4659,23
4660,3
4661,4
4662,16
4663,11
4664,4
4665,10
4666,41
4667,3
4668,3
4669,29
4670,24
4671,4
4672,4
4673,3
4674,1
4675,16
4676,29
4677,3
4678,4
4679,3
4680,38
4681,3
4682,16
4683,9
4684,4
4685,4
4686,12
4687,4
4688,20
4689,1
4690,4
4691,36
4692,3
4693,3
4694,4
4695,11
4696,4
4697,11
4698,19
4699,11
4700,3
4701,1
4702,16
4703,9
4704,20
4705,30
4706,4
4707,3
4708,4
4709,3
4710,4
4711,4
4712,3
4713,16
4714,3
4715,4
4716,26
4717,10
4718,3
4719,25
4720,3
4721,4
4722,3
4723,1
4724,25
4725,10
4726,3
4727,23
4728,4
4729,3
4730,3
4731,13
4732,4
4733,4
4734,20
4735,19
4736,29
4737,3
4738,25
4739,40
4740,3
4741,4
4742,19
4743,22
4744,25
4745,3
4746,3
4747,16
4748,3
4749,1
4750,3
4751,12
4752,11
4753,4
4754,15
4755,4
4756,3
4757,3
4758,4
4759,3
4760,14
4761,41
4762,4
4763,4
4764,19
4765,4
4766,4
4767,19
4768,3
4769,11
4770,3
4771,3
4772,24
4773,11
4774,4
4775,4
4776,39
4777,1
4778,16
4779,3
4780,13
4781,3
4782,19
4783,4
4784,19
4785,4
4786,3
4787,10
4788,3
4789,3
4790,3
4791,4
4792,4
4793,4
4794,3
4795,3
4796,3
4797,3
4798,4
4799,17
4800,3
4801,16
4802,19
4803,3
4804,4
4805,11
4806,4
4807,3
4808,4
4809,15
4810,41
4811,4
4812,3
4813,11
4814,11
4815,1
4816,3
4817,3
4818,21
4819,28
4820,4
4821,20
4822,4
4823,4
4824,4
4825,29
4826,4
4827,3
4828,3
4829,8
4830,3
4831,3
4832,3
4833,3
4834,4
4835,3
4836,4
4837,3
4838,3
4839,4
4840,34
4841,3
4842,3
4843,41
4844,20
4845,23
4846,4
4847,4
4848,1
4849,4
4850,1
4851,4
4852,3
4853,2
4854,3
4855,30
4856,3
4857,17
4858,16
4859,3
4860,13
4861,3
4862,36
4863,11
4864,10
4865,4
4866,3
4867,4
4868,3
4869,3
4870,3
4871,4
4872,3
4873,0
4874,4
4875,9
4876,30
4877,1
4878,3
4879,4
4880,6
4881,4
4882,19
4883,3
4884,13
4885,1
4886,4
4887,4
4888,4
4889,3
4890,23
4891,16
4892,26
4893,32
4894,16
4895,19
4896,16
4897,3
4898,4
4899,19
4900,3
4901,3
4902,3
4903,3
4904,3
4905,3
4906,16
4907,4
4908,3
4909,4
4910,4
4911,19
4912,10
4913,13
4914,4
4915,3
4916,3
4917,3
4918,32
4919,3
4920,3
4921,15
4922,4
4923,20
4924,3
4925,3
4926,4
4927,19
4928,10
4929,1
4930,3
4931,11
4932,4
4933,4
4934,3
4935,16
4936,11
4937,11
4938,18
4939,3
4940,4
4941,3
4942,7
4943,3
4944,4
4945,10
4946,35
4947,3
4948,4
4949,16
4950,3
4951,28
4952,3
4953,20
4954,3
4955,4
4956,4
4957,4
4958,1
4959,3
4960,21
4961,0
4962,4
4963,13
4964,4
4965,3
4966,4
4967,4
4968,4
4969,3
4970,16
4971,4
4972,3
4973,3
4974,4
4975,19
4976,4
4977,3
4978,3
4979,3
4980,19
4981,3
4982,4
4983,23
4984,0
4985,4
4986,31
4987,1
4988,1
4989,4
4990,4
4991,2
4992,4
4993,3
4994,1
4995,3
4996,4
4997,3
4998,3
4999,3
5000,3
5001,3
5002,19
5003,1
5004,3
5005,3
5006,11
5007,9
5008,1
5009,3
5010,4
5011,3
5012,4
5013,3
5014,16
5015,4
5016,16
5017,3
5018,40
5019,3
5020,3
5021,4
5022,4
5023,19
5024,9
5025,1
5026,3
5027,3
5028,3
5029,28
5030,20
5031,16
5032,4
5033,3
5034,8
5035,3
5036,11
5037,3
5038,37
5039,3
5040,3
5041,0
5042,4
5043,3
5044,16
5045,3
5046,13
5047,1
5048,3
5049,3
5050,34
5051,20
5052,18
5053,16
5054,4
5055,11
5056,3
5057,10
5058,4
5059,3
5060,3
5061,11
5062,4
5063,4
5064,4
5065,32
5066,20
5067,3
5068,0
5069,3
5070,3
5071,3
5072,4
5073,3
5074,9
5075,3
5076,3
5077,4
5078,25
5079,3
5080,20
5081,16
5082,3
5083,4
5084,16
5085,11
5086,15
5087,39
5088,20
5089,3
5090,24
5091,3
5092,3
5093,16
5094,20
5095,19
5096,3
5097,4
5098,3
5099,2
5100,21
5101,39
5102,4
5103,3
5104,3
5105,3
5106,3
5107,3
5108,11
5109,7
5110,16
5111,20
5112,10
5113,16
5114,3
5115,1
5116,19
5117,3
5118,3
5119,21
5120,19
5121,3
5122,13
5123,19
5124,15
5125,3
5126,1
5127,25
5128,3
5129,11
5130,3
5131,3
5132,3
5133,4
5134,24
5135,3
5136,3
5137,4
5138,3
5139,3
5140,4
5141,3
5142,1
5143,30
5144,38
5145,13
5146,3
5147,3
5148,11
5149,1
5150,3
5151,3
5152,19
5153,4
5154,3
5155,3
5156,10
5157,3
5158,36
5159,3
5160,3
5161,4
5162,20
5163,3
5164,31
5165,19
5166,13
5167,3
5168,4
5169,3
5170,4
5171,4
5172,3
5173,4
5174,3
5175,19
5176,3
5177,3
5178,11
5179,4
5180,3
5181,4
5182,34
5183,19
5184,3
5185,3
5186,3
5187,3
5188,3
5189,20
5190,19
5191,16
5192,3
5193,4
5194,3
5195,9
5196,19
5197,4
5198,4
5199,4
5200,20
5201,8
5202,4
5203,3
5204,11
5205,3
5206,4
5207,3
5208,3
5209,4
5210,4
5211,4
5212,3
5213,3
5214,3
5215,13
5216,3
5217,5
5218,3
5219,3
5220,25
5221,3
5222,4
5223,3
5224,36
5225,6
5226,17
5227,21
5228,3
5229,4
5230,3
5231,3
5232,3
5233,3
5234,4
5235,3
5236,3
5237,3
5238,8
5239,13
5240,3
5241,22
5242,4
5243,11
5244,4
5245,13
5246,3
5247,3
5248,16
5249,4
5250,3
5251,4
5252,4
5253,3
5254,10
5255,4
5256,4
5257,12
5258,3
5259,21
5260,19
5261,3
5262,5
5263,18
5264,4
5265,3
5266,1
5267,3
5268,19
5269,19
5270,4
5271,11
5272,3
5273,11
5274,3
5275,19
5276,4
5277,3
5278,3
5279,16
5280,4
5281,3
5282,3
5283,3
5284,6
5285,3
5286,26
5287,4
5288,3
5289,1
5290,1
5291,3
5292,21
5293,4
5294,20
5295,13
5296,2
5297,3
5298,3
5299,40
5300,41
5301,4
5302,3
5303,3
5304,3
5305,4
5306,7
5307,4
5308,11
5309,16
5310,4
5311,16
5312,0
5313,20
5314,3
5315,4
5316,3
5317,1
5318,4
5319,4
5320,10
5321,31
5322,13
5323,20
5324,4
5325,21
5326,4
5327,3
5328,3
5329,35
5330,11
5331,4
5332,3
5333,19
5334,24
5335,3
5336,19
5337,23
5338,3
5339,18
5340,3
5341,26
5342,16
5343,3
5344,24
5345,40
5346,3
5347,20
5348,3
5349,3
5350,11
5351,3
5352,1
5353,4
5354,1
5355,19
5356,3
5357,8
5358,4
5359,3
5360,4
5361,3
5362,45
5363,3
5364,20
5365,1
5366,4
5367,3
5368,38
5369,10
5370,9
5371,31
5372,4
5373,26
5374,3
5375,10
5376,3
5377,4
5378,3
5379,32
5380,3
5381,4
5382,3
5383,4
5384,3
5385,3
5386,3
5387,3
5388,4
5389,4
5390,20
5391,1
5392,4
5393,7
5394,4
5395,13
5396,1
5397,14
5398,4
5399,4
5400,3
5401,19
5402,9
5403,3
5404,10
5405,3
5406,3
5407,1
5408,25
5409,3
5410,3
5411,19
5412,16
5413,4
5414,3
5415,4
5416,19
5417,3
5418,1
5419,11
5420,4
5421,12
5422,13
5423,3
5424,3
5425,24
5426,3
5427,16
5428,45
5429,19
5430,3
5431,4
5432,4
5433,4
5434,11
5435,16
5436,3
5437,3
5438,4
5439,11
5440,2
5441,3
5442,19
5443,1
5444,4
5445,20
5446,11
5447,29
5448,3
5449,4
5450,19
5451,3
5452,16
5453,3
5454,19
5455,3
5456,3
5457,3
5458,4
5459,20
5460,3
5461,4
5462,4
5463,23
5464,4
5465,3
5466,3
5467,9
5468,4
5469,16
5470,1
5471,19
5472,16
5473,3
5474,4
5475,3
5476,4
5477,4
5478,3
5479,21
5480,3
5481,11
5482,4
5483,3
5484,3
5485,4
5486,16
5487,16
5488,3
5489,3
5490,18
5491,3
5492,4
5493,3
5494,3
5495,28
5496,4
5497,3
5498,3
5499,3
5500,3
5501,4
5502,3
5503,3
5504,3
5505,3
5506,3
5507,4
5508,4
5509,3
5510,1
5511,11
5512,19
5513,19
5514,3
5515,4
5516,1
5517,4
5518,3
5519,3
5520,3
5521,19
5522,3
5523,3
5524,20
5525,3
5526,3
5527,17
5528,3
5529,4
5530,3
5531,4
5532,4
5533,4
5534,3
5535,4
5536,4
5537,20
5538,4
5539,3
5540,4
5541,1
5542,3
5543,3
5544,3
5545,4
5546,4
5547,3
5548,3
5549,13
5550,19
5551,1
5552,3
5553,13
5554,4
5555,3
5556,3
5557,11
5558,11
5559,3
5560,3
5561,3
5562,16
5563,11
5564,13
5565,3
5566,16
5567,1
5568,3
5569,3
5570,3
5571,3
5572,4
5573,3
5574,4
5575,3
5576,3
5577,3
5578,3
5579,3
5580,2
5581,3
5582,3
5583,26
5584,4
5585,20
5586,13
5587,4
5588,0
5589,3
5590,3
5591,11
5592,3
5593,4
5594,3
5595,3
5596,11
5597,11
5598,4
5599,3
5600,3
5601,31
5602,1
5603,3
5604,16
5605,3
5606,13
5607,4
5608,3
5609,3
5610,3
5611,4
5612,1
5613,18
5614,19
5615,20
5616,3
5617,4
5618,3
5619,16
5620,1
5621,39
5622,19
5623,3
5624,3
5625,25
5626,32
5627,25
5628,4
5629,3
5630,4
5631,3
5632,20
5633,3
5634,4
5635,11
5636,4
5637,3
5638,10
5639,3
5640,4
5641,0
5642,3
5643,8
5644,3
5645,19
5646,3
5647,4
5648,3
5649,3
5650,3
5651,3
5652,4
5653,3
5654,11
5655,1
5656,4
5657,3
5658,11
5659,11
5660,13
5661,3
5662,3
5663,20
5664,3
5665,13
5666,3
5667,20
5668,3
5669,13
5670,1
5671,3
5672,19
5673,3
5674,4
5675,4
5676,3
5677,4
5678,3
5679,4
5680,4
5681,11
5682,24
5683,4
5684,3
5685,26
5686,1
5687,3
5688,3
5689,4
5690,16
5691,23
5692,16
5693,3
5694,3
5695,36
5696,31
5697,13
5698,3
5699,3
5700,4
5701,1
5702,21
5703,1
5704,3
5705,4
5706,1
5707,3
5708,4
5709,3
5710,21
5711,16
5712,3
5713,4
5714,11
5715,30
5716,4
5717,19
5718,4
5719,3
5720,25
5721,3
5722,3
5723,1
5724,1
5725,3
5726,13
5727,3
5728,27
5729,1
5730,19
5731,13
5732,3
5733,24
5734,3
5735,3
5736,17
5737,4
5738,3
5739,19
5740,19
5741,16
5742,3
5743,13
5744,19
5745,3
5746,3
5747,4
5748,4
5749,3
5750,16
5751,3
5752,0
5753,4
5754,19
5755,8
5756,8
5757,4
5758,19
5759,3
5760,20
5761,4
5762,3
5763,3
5764,4
5765,1
5766,6
5767,4
5768,4
5769,4
5770,11
5771,20
5772,16
5773,4
5774,19
5775,3
5776,16
5777,18
5778,1
5779,13
5780,21
5781,28
5782,3
5783,10
5784,3
5785,3
5786,20
5787,3
5788,6
5789,4
5790,3
5791,3
5792,4
5793,4
5794,3
5795,19
5796,3
5797,3
5798,11
5799,3
5800,4
5801,3
5802,3
5803,4
5804,3
5805,3
5806,16
5807,3
5808,3
5809,4
5810,19
5811,16
5812,36
5813,4
5814,3
5815,11
5816,35
5817,4
5818,3
5819,3
5820,3
5821,19
5822,3
5823,20
5824,3
5825,4
5826,1
5827,42
5828,4
5829,24
5830,16
5831,3
5832,1
5833,30
5834,3
5835,3
5836,19
5837,3
5838,3
5839,4
5840,11
5841,3
5842,4
5843,3
5844,40
5845,4
5846,3
5847,16
5848,3
5849,11
5850,19
5851,3
5852,3
5853,3
5854,27
5855,16
5856,3
5857,3
5858,4
5859,43
5860,24
5861,3
5862,37
5863,25
5864,4
5865,4
5866,20
5867,0
5868,3
5869,3
5870,3
5871,3
5872,3
5873,30
5874,4
5875,4
5876,4
5877,27
5878,3
5879,13
5880,3
5881,3
5882,3
5883,1
5884,32
5885,19
5886,1
5887,3
5888,12
5889,45
5890,3
5891,3
5892,3
5893,11
5894,16
5895,18
5896,41
5897,9
5898,3
5899,30
5900,3
5901,3
5902,20
5903,3
5904,4
5905,3
5906,3
5907,1
5908,1
5909,3
5910,31
5911,3
5912,3
5913,1
5914,4
5915,19
5916,3
5917,11
5918,12
5919,3
5920,18
5921,4
5922,4
5923,19
5924,3
5925,18
5926,14
5927,1
5928,9
5929,4
5930,4
5931,3
5932,36
5933,4
5934,20
5935,8
5936,1
5937,4
5938,3
5939,21
5940,21
5941,4
5942,11
5943,4
5944,7
5945,12
5946,3
5947,4
5948,28
5949,19
5950,19
5951,3
5952,3
5953,4
5954,20
5955,4
5956,3
5957,3
5958,4
5959,4
5960,11
5961,34
5962,4
5963,3
5964,2
5965,32
5966,19
5967,3
5968,4
5969,19
5970,2
5971,3
5972,3
5973,4
5974,25
5975,4
5976,3
5977,20
5978,3
5979,1
5980,28
5981,3
5982,3
5983,40
5984,19
5985,4
5986,1
5987,19
5988,20
5989,11
5990,4
5991,4
5992,4
5993,4
5994,3
5995,3
5996,3
5997,3
5998,3
5999,3
6000,1
6001,3
6002,4
6003,3
6004,3
6005,4
6006,3
6007,20
6008,1
6009,16
6010,3
6011,3
6012,3
6013,3
6014,20
6015,3
6016,8
6017,4
6018,3
6019,25
6020,4
6021,3
6022,3
6023,3
6024,11
6025,4
6026,3
6027,1
6028,19
6029,16
6030,20
6031,19
6032,16
6033,4
6034,3
6035,3
6036,11
6037,3
6038,4
6039,4
6040,1
6041,3
6042,8
6043,32
6044,8
6045,2
6046,16
6047,3
6048,3
6049,3
6050,3
6051,28
6052,3
6053,16
6054,3
6055,13
6056,16
6057,11
6058,19
6059,24
6060,20
6061,4
6062,16
6063,13
6064,4
6065,3
6066,3
6067,19
6068,13
6069,4
6070,16
6071,4
6072,4
6073,13
6074,1
6075,3
6076,3
6077,4
6078,3
6079,4
6080,3
6081,4
6082,3
6083,3
6084,18
6085,3
6086,4
6087,16
6088,18
6089,1
6090,11
6091,4
6092,20
6093,3
6094,4
6095,6
6096,13
6097,0
6098,11
6099,3
6100,4
6101,3
6102,4
6103,11
6104,4
6105,1
6106,4
6107,3
6108,40
6109,4
6110,19
6111,19
6112,0
6113,21
6114,3
6115,3
6116,10
6117,8
6118,3
6119,19
6120,9
6121,4
6122,3
6123,3
6124,8
6125,21
6126,1
6127,1
6128,0
6129,19
6130,3
6131,13
6132,3
6133,4
6134,3
6135,17
6136,19
6137,4
6138,9
6139,4
6140,3
6141,3
6142,16
6143,4
6144,11
6145,3
6146,4
6147,3
6148,10
6149,3
6150,3
6151,4
6152,4
6153,20
6154,3
6155,4
6156,36
6157,3
6158,20
6159,4
6160,16
6161,3
6162,3
6163,4
6164,4
6165,40
6166,11
6167,19
6168,20
6169,4
6170,19
6171,4
6172,3
6173,10
6174,28
6175,4
6176,1
6177,9
6178,19
6179,16
6180,3
6181,19
6182,44
6183,1
6184,20
6185,39
6186,41
6187,3
6188,19
6189,16
6190,3
6191,3
6192,3
6193,1
6194,19
6195,4
6196,21
6197,19
6198,3
6199,31
6200,11
6201,4
6202,4
6203,1
6204,3
6205,4
6206,16
6207,8
6208,4
6209,21
6210,20
6211,3
6212,31
6213,8
6214,11
6215,30
6216,24
6217,32
6218,3
6219,21
6220,11
6221,3
6222,3
6223,3
6224,3
6225,19
6226,3
6227,16
6228,11
6229,34
6230,7
6231,3
6232,30
6233,4
6234,19
6235,4
6236,11
6237,3
6238,3
6239,4
6240,3
6241,4
6242,16
6243,4
6244,19
6245,11
6246,1
6247,3
6248,3
6249,29
6250,3
6251,3
6252,3
6253,8
6254,3
6255,3
6256,16
6257,4
6258,3
6259,19
6260,3
6261,3
6262,4
6263,2
6264,4
6265,2
6266,4
6267,3
6268,19
6269,2
6270,4
6271,0
6272,4
6273,2
6274,3
6275,3
6276,4
6277,4
6278,18
6279,3
6280,1
6281,3
6282,3
6283,1
6284,13
6285,5
6286,3
6287,4
6288,4
6289,15
6290,3
6291,3
6292,3
6293,3
6294,3
6295,3
6296,3
6297,12
6298,3
6299,36
6300,4
6301,3
6302,3
6303,3
6304,19
6305,9
6306,1
6307,4
6308,3
6309,3
6310,3
6311,9
6312,3
6313,3
6314,4
6315,16
6316,4
6317,10
6318,3
6319,4
6320,3
6321,4
6322,1
6323,3
6324,25
6325,19
6326,3
6327,3
6328,1
6329,1
6330,3
6331,16
6332,3
6333,4
6334,4
6335,9
6336,4
6337,3
6338,3
6339,8
6340,4
6341,13
6342,3
6343,17
6344,4
6345,4
6346,3
6347,4
6348,1
6349,12
6350,38
6351,3
6352,16
6353,19
6354,3
6355,10
6356,4
6357,1
6358,4
6359,3
6360,3
6361,3
6362,4
6363,4
6364,3
6365,3
6366,3
6367,18
6368,4
6369,33
6370,19
6371,3
6372,11
6373,11
6374,28
6375,3
6376,3
6377,3
6378,4
6379,3
6380,41
6381,3
6382,16
6383,3
6384,25
6385,45
6386,4
6387,3
6388,3
6389,3
6390,3
6391,3
6392,4
6393,4
6394,3
6395,3
6396,3
6397,19
6398,4
6399,8
6400,3
6401,1
6402,16
6403,3
6404,3
6405,3
6406,19
6407,20
6408,19
6409,8
6410,4
6411,3
6412,3
6413,4
6414,3
6415,3
6416,11
6417,19
6418,4
6419,43
6420,11
6421,4
6422,4
6423,3
6424,4
6425,4
6426,4
6427,4
6428,3
6429,24
6430,1
6431,3
6432,17
6433,16
6434,4
6435,34
6436,28
6437,16
6438,4
6439,3
6440,15
6441,4
6442,4
6443,21
6444,20
6445,20
6446,36
6447,4
6448,3
6449,4
6450,18
6451,20
6452,4
6453,3
6454,3
6455,33
6456,21
6457,3
6458,4
6459,34
6460,16
6461,13
6462,8
6463,4
6464,8
6465,3
6466,3
6467,20
6468,23
6469,12
6470,32
6471,16
6472,19
6473,3
6474,4
6475,3
6476,4
6477,3
6478,3
6479,11
6480,4
6481,25
6482,3
6483,3
6484,3
6485,4
6486,3
6487,3
6488,3
6489,4
6490,3
6491,3
6492,20
6493,4
6494,19
6495,1
6496,11
6497,20
6498,4
6499,3
6500,3
6501,3
6502,4
6503,24
6504,20
6505,3
6506,4
6507,1
6508,1
6509,45
6510,20
6511,3
6512,3
6513,3
6514,1
6515,4
6516,1
6517,16
6518,3
6519,3
6520,9
6521,3
6522,3
6523,16
6524,16
6525,12
6526,4
6527,3
6528,3
6529,3
6530,4
6531,3
6532,12
6533,19
6534,8
6535,3
6536,11
6537,1
6538,13
6539,8
6540,1
6541,17
6542,3
6543,3
6544,3
6545,11
6546,8
6547,20
6548,19
6549,1
6550,3
6551,10
6552,14
6553,3
6554,28
6555,3
6556,3
6557,3
6558,3
6559,3
6560,3
6561,6
6562,1
6563,3
6564,4
6565,20
6566,16
6567,19
6568,3
6569,3
6570,3
6571,23
6572,10
6573,4
6574,4
6575,4
6576,1
6577,3
6578,19
6579,3
6580,3
6581,3
6582,19
6583,4
6584,1
6585,4
6586,3
6587,23
6588,25
6589,3
6590,3
6591,11
6592,4
6593,3
6594,28
6595,3
6596,3
6597,3
6598,16
6599,3
6600,20
6601,21
6602,13
6603,3
6604,16
6605,3
6606,3
6607,11
6608,3
6609,3
6610,3
6611,3
6612,3
6613,4
6614,3
6615,3
6616,1
6617,4
6618,19
6619,4
6620,1
6621,4
6622,3
6623,4
6624,19
6625,16
6626,4
6627,3
6628,4
6629,3
6630,4
6631,1
6632,4
6633,25
6634,4
6635,9
6636,19
6637,11
6638,3
6639,3
6640,3
6641,3
6642,3
6643,3
6644,3
6645,9
6646,4
6647,3
6648,13
6649,43
6650,1
6651,3
6652,1
6653,0
6654,21
6655,3
6656,4
6657,40
6658,3
6659,3
6660,4
6661,4
6662,3
6663,16
6664,11
6665,4
6666,31
6667,3
6668,3
6669,23
6670,20
6671,3
6672,1
6673,3
6674,28
6675,1
6676,1
6677,3
6678,18
6679,38
6680,11
6681,4
6682,16
6683,3
6684,4
6685,3
6686,16
6687,4
6688,3
6689,16
6690,24
6691,3
6692,1
6693,4
6694,24
6695,43
6696,3
6697,3
6698,19
6699,0
6700,3
6701,3
6702,3
6703,11
6704,3
6705,4
6706,3
6707,3
6708,4
6709,20
6710,18
6711,11
6712,20
6713,16
6714,3
6715,4
6716,19
6717,3
6718,3
6719,3
6720,4
6721,0
6722,19
6723,32
6724,3
6725,16
6726,4
6727,19
6728,19
6729,4
6730,11
6731,13
6732,19
6733,3
6734,4
6735,4
6736,16
6737,4
6738,19
6739,20
6740,3
6741,1
6742,3
6743,1
6744,20
6745,4
6746,4
6747,4
6748,3
6749,3
6750,19
6751,16
6752,1
6753,10
6754,4
6755,23
6756,3
6757,3
6758,13
6759,3
6760,0
6761,4
6762,4
6763,3
6764,3
6765,1
6766,9
6767,25
6768,16
6769,31
6770,3
6771,3
6772,3
6773,8
6774,3
6775,3
6776,4
6777,4
6778,4
6779,3
6780,4
6781,3
6782,19
6783,3
6784,4
6785,3
6786,3
6787,3
6788,3
6789,0
6790,4
6791,3
6792,19
6793,4
6794,10
6795,10
6796,4
6797,3
6798,34
6799,4
6800,11
6801,3
6802,29
6803,4
6804,8
6805,11
6806,30
6807,20
6808,4
6809,1
6810,3
6811,11
6812,8
6813,3
6814,3
6815,20
6816,4
6817,4
6818,1
6819,6
6820,3
6821,3
6822,21
6823,3
6824,36
6825,10
6826,3
6827,3
6828,21
6829,3
6830,4
6831,4
6832,3
6833,4
6834,13
6835,4
6836,3
6837,26
6838,25
6839,19
6840,3
6841,3
6842,16
6843,19
6844,3
6845,13
6846,39
6847,13
6848,3
6849,3
6850,4
6851,4
6852,9
6853,4
6854,13
6855,4
6856,37
6857,3
6858,3
6859,3
6860,3
6861,4
6862,17
6863,20
6864,3
6865,19
6866,25
6867,4
6868,1
6869,4
6870,16
6871,3
6872,3
6873,3
6874,3
6875,3
6876,30
6877,11
6878,0
6879,11
6880,3
6881,3
6882,4
6883,20
6884,3
6885,20
6886,16
6887,3
6888,4
6889,40
6890,4
6891,3
6892,3
6893,2
6894,4
6895,3
6896,3
6897,11
6898,3
6899,19
6900,3
6901,4
6902,6
6903,21
6904,41
6905,3
6906,45
6907,3
6908,4
6909,10
6910,16
6911,19
6912,10
6913,19
6914,4
6915,3
6916,4
6917,3
6918,3
6919,3
6920,3
6921,3
6922,4
6923,4
6924,11
6925,3
6926,16
6927,16
6928,3
6929,11
6930,3
6931,10
6932,2
6933,9
6934,21
6935,4
6936,3
6937,3
6938,3
6939,24
6940,19
6941,25
6942,4
6943,3
6944,4
6945,25
6946,4
6947,41
6948,3
6949,40
6950,45
6951,20
6952,11
6953,16
6954,3
6955,4
6956,36
6957,20
6958,4
6959,4
6960,4
6961,3
6962,4
6963,3
6964,3
6965,4
6966,3
6967,3
6968,16
6969,4
6970,3
6971,4
6972,3
6973,4
6974,19
6975,4
6976,4
6977,19
6978,3
6979,3
6980,3
6981,1
6982,3
6983,6
6984,3
6985,16
6986,3
6987,3
6988,4
6989,19
6990,4
6991,3
6992,20
6993,30
6994,34
6995,16
6996,3
6997,3
6998,0
6999,5
7000,3
7001,19
7002,3
7003,3
7004,19
7005,21
7006,3
7007,4
7008,4
7009,3
7010,4
7011,3
7012,3
7013,4
7014,4
7015,3
7016,19
7017,3
7018,1
7019,16
7020,2
7021,4
7022,3
7023,13
7024,3
7025,4
7026,3
7027,20
7028,1
7029,3
7030,4
7031,30
7032,4
7033,4
7034,4
7035,3
7036,1
7037,9
7038,3
7039,11
7040,4
7041,36
7042,3
7043,4
7044,3
7045,3
7046,20
7047,2
7048,3
7049,4
7050,20
7051,4
7052,2
7053,4
7054,1
7055,3
7056,3
7057,42
7058,4
7059,16
7060,3
7061,3
7062,3
7063,11
7064,16
7065,3
7066,19
7067,4
7068,3
7069,4
7070,20
7071,4
7072,3
7073,9
7074,20
7075,3
7076,2
7077,16
7078,3
7079,12
7080,4
7081,3
7082,3
7083,3
7084,9
7085,4
7086,16
7087,3
7088,4
7089,4
7090,3
7091,4
7092,3
7093,19
7094,4
7095,8
7096,3
7097,3
7098,1
7099,11
7100,4
7101,3
7102,1
7103,10
7104,3
7105,3
7106,3
7107,4
7108,4
7109,38
7110,4
7111,16
7112,3
7113,19
7114,3
7115,21
7116,4
7117,19
7118,4
7119,4
7120,4
7121,4
7122,3
7123,19
7124,1
7125,3
7126,4
7127,4
7128,17
7129,3
7130,3
7131,1
7132,1
7133,3
7134,3
7135,20
7136,15
7137,21
7138,16
7139,8
7140,3
7141,4
7142,24
7143,1
7144,4
7145,16
7146,3
7147,3
7148,4
7149,3
7150,25
7151,3
7152,4
7153,16
7154,6
7155,19
7156,4
7157,4
7158,4
7159,11
7160,3
7161,17
7162,4
7163,3
7164,3
7165,3
7166,3
7167,4
7168,3
7169,4
7170,4
7171,11
7172,1
7173,3
7174,13
7175,4
7176,3
7177,3
7178,11
7179,3
7180,3
7181,4
7182,3
7183,4
7184,8
7185,3
7186,4
7187,4
7188,3
7189,19
7190,10
7191,4
7192,4
7193,1
7194,34
7195,16
7196,4
7197,4
7198,4
7199,4
7200,16
7201,3
7202,3
7203,43
7204,16
7205,4
7206,34
7207,3
7208,13
7209,8
7210,11
7211,3
7212,3
7213,3
7214,16
7215,4
7216,24
7217,20
7218,9
7219,3
7220,11
7221,3
7222,16
7223,1
7224,4
7225,11
7226,4
7227,3
7228,3
7229,3
7230,4
7231,4
7232,3
7233,11
7234,3
7235,20
7236,13
7237,3
7238,3
7239,3
7240,3
7241,16
7242,4
7243,3
7244,13
7245,2
7246,4
7247,3
7248,4
7249,25
7250,21
7251,4
7252,34
7253,4
7254,3
7255,3
7256,18
7257,11
7258,19
7259,3
7260,3
7261,21
7262,19
7263,3
7264,3
7265,20
7266,4
7267,16
7268,3
7269,4
7270,3
7271,4
7272,3
7273,4
7274,4
7275,20
7276,32
7277,11
7278,1
7279,16
7280,16
7281,4
7282,24
7283,19
7284,4
7285,4
7286,3
7287,4
7288,3
7289,3
7290,3
7291,3
7292,3
7293,3
7294,19
7295,16
7296,4
7297,3
7298,1
7299,4
7300,4
7301,8
7302,4
7303,13
7304,26
7305,16
7306,38
7307,3
7308,13
7309,13
7310,4
7311,10
7312,1
7313,25
7314,4
7315,4
7316,4
7317,3
7318,3
7319,3
7320,23
7321,3
7322,3
7323,3
7324,18
7325,4
7326,2
7327,4
7328,3
7329,11
7330,4
7331,3
7332,3
7333,1
7334,36
7335,4
7336,4
7337,3
7338,4
7339,28
7340,3
7341,3
7342,1
7343,4
7344,29
7345,3
7346,3
7347,4
7348,4
7349,16
7350,3
7351,27
7352,41
7353,18
7354,2
7355,4
7356,3
7357,4
7358,3
7359,11
7360,16
7361,1
7362,3
7363,4
7364,3
7365,8
7366,0
7367,19
7368,9
7369,3
7370,19
7371,3
7372,16
7373,4
7374,20
7375,16
7376,4
7377,3
7378,3
7379,4
7380,3
7381,3
7382,3
7383,3
7384,20
7385,4
7386,3
7387,19
7388,20
7389,13
7390,4
7391,32
7392,4
7393,19
7394,4
7395,4
7396,9
7397,3
7398,3
7399,3
7400,19
7401,4
7402,1
7403,4
7404,3
7405,16
7406,1
7407,3
7408,4
7409,3
7410,21
7411,3
7412,4
7413,3
7414,4
7415,3
7416,3
7417,3
7418,3
7419,16
7420,3
7421,3
7422,25
7423,11
7424,41
7425,16
7426,11
7427,3
7428,20
7429,3
7430,11
7431,4
7432,2
7433,4
7434,19
7435,3
7436,3
7437,3
7438,3
7439,4
7440,3
7441,16
7442,16
7443,3
7444,19
7445,19
7446,0
7447,3
7448,19
7449,16
7450,0
7451,11
7452,3
7453,3
7454,3
7455,4
7456,1
7457,4
7458,4
7459,3
7460,3
7461,3
7462,10
7463,3
7464,3
7465,16
7466,3
7467,4
7468,19
7469,3
7470,3
7471,10
7472,31
7473,3
7474,34
7475,16
7476,19
7477,4
7478,1
7479,3
7480,3
7481,4
7482,4
7483,3
7484,4
7485,20
7486,3
7487,20
7488,19
7489,21
7490,5
7491,24
7492,8
7493,4
7494,3
7495,3
7496,4
7497,3
7498,3
7499,3
7500,3
7501,4
7502,3
7503,3
7504,20
7505,16
7506,4
7507,3
7508,3
7509,10
7510,2
7511,10
7512,3
7513,1
7514,19
7515,16
7516,3
7517,11
7518,3
7519,3
7520,4
7521,3
7522,3
7523,1
7524,3
7525,38
7526,40
7527,3
7528,4
7529,31
7530,18
7531,36
7532,3
7533,19
7534,3
7535,4
7536,3
7537,3
7538,3
7539,4
7540,3
7541,19
7542,19
7543,3
7544,1
7545,11
7546,3
7547,19
7548,4
7549,3
7550,3
7551,9
7552,4
7553,4
7554,16
7555,3
7556,1
7557,19
7558,4
7559,34
7560,10
7561,16
7562,4
7563,20
7564,4
7565,8
7566,4
7567,3
7568,3
7569,11
7570,3
7571,4
7572,43
7573,4
7574,3
7575,3
7576,3
7577,4
7578,3
7579,3
7580,3
7581,3
7582,3
7583,8
7584,3
7585,37
7586,16
7587,16
7588,24
7589,16
7590,11
7591,13
7592,43
7593,1
7594,21
7595,25
7596,1
7597,3
7598,3
7599,3
7600,20
7601,16
7602,3
7603,4
7604,36
7605,31
7606,16
7607,3
7608,4
7609,4
7610,3
7611,1
7612,19
7613,4
7614,11
7615,4
7616,19
7617,4
7618,4
7619,4
7620,3
7621,3
7622,20
7623,11
7624,3
7625,18
7626,4
7627,3
7628,4
7629,13
7630,11
7631,11
7632,4
7633,14
7634,15
7635,3
7636,4
7637,3
7638,4
7639,3
7640,3
7641,21
7642,20
7643,3
7644,4
7645,4
7646,25
7647,28
7648,3
7649,8
7650,3
7651,3
7652,25
7653,30
7654,8
7655,16
7656,3
7657,3
7658,4
7659,1
7660,16
7661,3
7662,3
7663,13
7664,3
7665,3
7666,4
7667,40
7668,4
7669,20
7670,1
7671,19
7672,20
7673,3
7674,12
7675,3
7676,13
7677,4
7678,3
7679,3
7680,4
7681,12
7682,3
7683,3
7684,3
7685,1
7686,16
7687,4
7688,8
7689,3
7690,3
7691,29
7692,4
7693,24
7694,3
7695,10
7696,4
7697,3
7698,40
7699,37
7700,10
7701,3
7702,1
7703,24
7704,19
7705,4
7706,16
7707,10
7708,4
7709,4
7710,4
7711,4
7712,0
7713,19
7714,3
7715,8
7716,3
7717,0
7718,3
7719,3
7720,3
7721,30
7722,4
7723,3
7724,13
7725,3
7726,16
7727,19
7728,26
7729,4
7730,4
7731,16
7732,3
7733,4
7734,4
7735,10
7736,6
7737,16
7738,11
7739,3
7740,3
7741,4
7742,19
7743,3
7744,3
7745,4
7746,3
7747,3
7748,17
7749,19
7750,11
7751,7
7752,19
7753,4
7754,3
7755,16
7756,3
7757,3
7758,4
7759,1
7760,25
7761,1
7762,20
7763,6
7764,3
7765,3
7766,11
7767,3
7768,16
7769,3
7770,1
7771,3
7772,16
7773,20
7774,4
7775,4
7776,4
7777,3
7778,11
7779,3
7780,37
7781,3
7782,3
7783,15
7784,3
7785,3
7786,4
7787,3
7788,4
7789,2
7790,16
7791,42
7792,16
7793,4
7794,4
7795,3
7796,3
7797,36
7798,3
7799,8
7800,3
7801,19
7802,11
7803,19
7804,4
7805,3
7806,4
7807,19
7808,3
7809,1
7810,1
7811,3
7812,4
7813,20
7814,9
7815,2
7816,4
7817,16
7818,3
7819,3
7820,5
7821,4
7822,4
7823,9
7824,19
7825,4
7826,8
7827,43
7828,4
7829,11
7830,3
7831,3
7832,10
7833,4
7834,4
7835,4
7836,4
7837,4
7838,25
7839,19
7840,11
7841,13
7842,16
7843,3
7844,16
7845,3
7846,30
7847,4
7848,3
7849,4
7850,3
7851,19
7852,3
7853,41
7854,3
7855,4
7856,4
7857,16
7858,3
7859,3
7860,3
7861,9
7862,1
7863,4
7864,11
7865,21
7866,16
7867,3
7868,3
7869,3
7870,31
7871,3
7872,20
7873,3
7874,3
7875,11
7876,13
7877,3
7878,16
7879,3
7880,4
7881,8
7882,3
7883,6
7884,4
7885,3
7886,3
7887,4
7888,3
7889,3
7890,3
7891,19
7892,16
7893,3
7894,13
7895,4
7896,4
7897,4
7898,45
7899,16
7900,3
7901,4
7902,19
7903,3
7904,4
7905,3
7906,4
7907,11
7908,3
7909,4
7910,20
7911,3
7912,4
7913,10
7914,1
7915,3
7916,3
7917,3
7918,4
7919,4
7920,20
7921,3
7922,38
7923,16
7924,8
7925,3
7926,4
7927,3
7928,4
7929,4
7930,3
7931,4
7932,3
7933,3
7934,20
7935,19
7936,0
7937,4
7938,36
7939,3
7940,25
7941,37
7942,11
7943,3
7944,25
7945,3
7946,3
7947,6
7948,1
7949,16
7950,13
7951,4
7952,3
7953,3
7954,3
7955,11
7956,1
7957,3
7958,3
7959,4
7960,4
7961,3
7962,4
7963,3
7964,11
7965,3
7966,20
7967,3
7968,1
7969,3
7970,4
7971,3
7972,3
7973,4
7974,4
7975,4
7976,5
7977,20
7978,3
7979,4
7980,16
7981,11
7982,19
7983,32
7984,3
7985,3
7986,3
7987,19
7988,3
7989,3
7990,1
7991,3
7992,4
7993,3
7994,3
7995,3
7996,3
7997,16
7998,40
7999,3
8000,19
8001,3
8002,3
8003,1
8004,3
8005,4
8006,11
8007,3
8008,1
8009,4
8010,3
8011,3
8012,28
8013,4
8014,4
8015,3
8016,3
8017,19
8018,3
8019,4
8020,31
8021,3
8022,4
8023,3
8024,3
8025,3
8026,42
8027,3
8028,0
8029,3
8030,16
8031,4
8032,16
8033,3
8034,3
8035,3
8036,4
8037,3
8038,6
8039,16
8040,3
8041,11
8042,3
8043,3
8044,3
8045,4
8046,25
8047,4
8048,3
8049,19
8050,20
8051,19
8052,45
8053,16
8054,3
8055,3
8056,3
8057,4
8058,1
8059,4
8060,1
8061,3
8062,4
8063,11
8064,13
8065,3
8066,18
8067,4
8068,4
8069,11
8070,25
8071,4
8072,3
8073,4
8074,3
8075,19
8076,17
8077,3
8078,3
8079,4
8080,4
8081,4
8082,20
8083,4
8084,26
8085,4
8086,20
8087,4
8088,41
8089,4
8090,30
8091,25
8092,19
8093,19
8094,21
8095,3
8096,6
8097,13
8098,14
8099,14
8100,3
8101,3
8102,4
8103,25
8104,23
8105,4
8106,1
8107,3
8108,20
8109,4
8110,4
8111,3
8112,3
8113,19
8114,3
8115,3
8116,24
8117,16
8118,3
8119,9
8120,30
8121,19
8122,4
8123,28
8124,3
8125,4
8126,20
8127,3
8128,3
8129,44
8130,3
8131,19
8132,4
8133,22
8134,4
8135,3
8136,30
8137,14
8138,19
8139,3
8140,16
8141,3
8142,19
8143,3
8144,20
8145,3
8146,4
8147,3
8148,19
8149,16
8150,13
8151,3
8152,19
8153,3
8154,3
8155,8
8156,4
8157,4
8158,21
8159,3
8160,21
8161,11
8162,1
8163,1
8164,3
8165,4
8166,3
8167,20
8168,3
8169,3
8170,13
8171,3
8172,3
8173,16
8174,3
8175,16
8176,3
8177,41
8178,3
8179,3
8180,4
8181,1
8182,4
8183,19
8184,3
8185,34
8186,3
8187,12
8188,26
8189,3
8190,3
8191,4
8192,25
8193,4
8194,1
8195,3
8196,4
8197,4
8198,11
8199,3
8200,2
8201,3
8202,21
8203,3
8204,42
8205,3
8206,39
8207,12
8208,19
8209,3
8210,3
8211,3
8212,11
8213,4
8214,3
8215,16
8216,3
8217,19
8218,4
8219,3
8220,3
8221,16
8222,3
8223,19
8224,4
8225,4
8226,34
8227,3
8228,3
8229,3
8230,3
8231,28
8232,3
8233,4
8234,20
8235,4
8236,4
8237,3
8238,39
8239,16
8240,11
8241,3
8242,19
8243,3
8244,3
8245,4
8246,4
8247,11
8248,14
8249,4
8250,3
8251,3
8252,16
8253,3
8254,16
8255,1
8256,27
8257,11
8258,20
8259,4
8260,19
8261,19
8262,4
8263,4
8264,3
8265,36
8266,11
8267,3
8268,3
8269,3
8270,3
8271,3
8272,3
8273,4
8274,12
8275,3
8276,17
8277,4
8278,3
8279,3
8280,11
8281,3
8282,13
8283,1
8284,4
8285,3
8286,4
8287,10
8288,3
8289,11
8290,13
8291,3
8292,13
8293,3
8294,3
8295,16
8296,4
8297,20
8298,3
8299,3
8300,17
8301,19
8302,3
8303,3
8304,19
8305,1
8306,4
8307,6
8308,12
8309,4
8310,4
8311,3
8312,3
8313,1
8314,3
8315,3
8316,3
8317,20
8318,20
8319,4
8320,11
8321,3
8322,4
8323,13
8324,4
8325,3
8326,19
8327,4
8328,19
8329,15
8330,4
8331,3
8332,3
8333,4
8334,25
8335,3
8336,3
8337,3
8338,3
8339,4
8340,1
8341,1
8342,3
8343,1
8344,17
8345,1
8346,3
8347,4
8348,3
8349,34
8350,19
8351,4
8352,6
8353,3
8354,13
8355,3
8356,4
8357,4
8358,11
8359,3
8360,4
8361,3
8362,3
8363,3
8364,3
8365,4
8366,16
8367,3
8368,3
8369,13
8370,11
8371,24
8372,4
8373,23
8374,4
8375,19
8376,3
8377,18
8378,3
8379,4
8380,4
8381,16
8382,3
8383,3
8384,4
8385,16
8386,20
8387,4
8388,4
8389,0
8390,11
8391,1
8392,20
8393,4
8394,3
8395,13
8396,4
8397,4
8398,11
8399,11
8400,43
8401,14
8402,3
8403,16
8404,3
8405,4
8406,20
8407,37
8408,16
8409,3
8410,4
8411,11
8412,4
8413,4
8414,3
8415,4
8416,19
8417,4
8418,4
8419,3
8420,1
8421,4
8422,4
8423,3
8424,1
8425,5
8426,3
8427,2
8428,16
8429,16
8430,23
8431,3
8432,4
8433,9
8434,3
8435,3
8436,1
8437,4
8438,4
8439,21
8440,43
8441,19
8442,19
8443,1
8444,1
8445,4
8446,3
8447,20
8448,4
8449,22
8450,10
8451,1
8452,3
8453,3
8454,19
8455,16
8456,12
8457,3
8458,3
8459,16
8460,4
8461,3
8462,3
8463,3
8464,11
8465,3
8466,3
8467,28
8468,1
8469,3
8470,4
8471,3
8472,3
8473,1
8474,4
8475,11
8476,3
8477,2
8478,11
8479,10
8480,4
8481,4
8482,11
8483,4
8484,19
8485,3
8486,3
8487,17
8488,4
8489,16
8490,26
8491,11
8492,19
8493,8
8494,4
8495,23
8496,3
8497,3
8498,4
8499,19
8500,4
8501,3
8502,3
8503,24
8504,30
8505,11
8506,4
8507,19
8508,3
8509,11
8510,9
8511,3
8512,19
8513,1
8514,3
8515,4
8516,4
8517,4
8518,3
8519,33
8520,22
8521,3
8522,20
8523,42
8524,2
8525,16
8526,4
8527,3
8528,5
8529,3
8530,3
8531,4
8532,3
8533,3
8534,20
8535,3
8536,3
8537,3
8538,11
8539,13
8540,3
8541,31
8542,44
8543,3
8544,3
8545,4
8546,3
8547,19
8548,3
8549,3
8550,7
8551,3
8552,4
8553,3
8554,19
8555,19
8556,3
8557,39
8558,3
8559,3
8560,4
8561,3
8562,4
8563,4
8564,12
8565,13
8566,3
8567,4
8568,3
8569,3
8570,20
8571,3
8572,19
8573,11
8574,4
8575,4
8576,3
8577,20
8578,3
8579,4
8580,21
8581,3
8582,4
8583,3
8584,3
8585,3
8586,19
8587,19
8588,4
8589,3
8590,34
8591,45
8592,3
8593,26
8594,0
8595,3
8596,1
8597,23
8598,19
8599,38
8600,2
8601,11
8602,16
8603,11
8604,16
8605,1
8606,34
8607,3
8608,3
8609,3
8610,19
8611,10
8612,4
8613,22
8614,3
8615,16
8616,3
8617,4
8618,13
8619,20
8620,6
8621,16
8622,3
8623,3
8624,10
8625,16
8626,3
8627,3
8628,25
8629,34
8630,14
8631,4
8632,9
8633,4
8634,20
8635,4
8636,13
8637,1
8638,38
8639,24
8640,3
8641,11
8642,3
8643,1
8644,19
8645,4
8646,4
8647,3
8648,3
8649,3
8650,11
8651,4
8652,4
8653,4
8654,16
8655,3
8656,11
8657,8
8658,3
8659,20
8660,3
8661,11
8662,31
8663,3
8664,3
8665,17
8666,3
8667,11
8668,4
8669,3
8670,4
8671,3
8672,19
8673,4
8674,9
8675,3
8676,3
8677,13
8678,4
8679,4
8680,1
8681,4
8682,3
8683,6
8684,30
8685,1
8686,2
8687,3
8688,3
8689,11
8690,3
8691,4
8692,13
8693,4
8694,3
8695,3
8696,3
8697,8
8698,16
8699,1
8700,3
8701,19
8702,3
8703,3
8704,3
8705,4
8706,11
8707,4
8708,4
8709,4
8710,19
8711,4
8712,4
8713,30
8714,4
8715,16
8716,4
8717,3
8718,9
8719,10
8720,3
8721,3
8722,3
8723,19
8724,3
8725,1
8726,11
8727,3
8728,40
8729,12
8730,3
8731,20
8732,4
8733,4
8734,3
8735,1
8736,3
8737,16
8738,4
8739,1
8740,19
8741,3
8742,16
8743,3
8744,3
8745,16
8746,1
8747,3
8748,4
8749,40
8750,40
8751,11
8752,3
8753,3
8754,4
8755,4
8756,4
8757,24
8758,4
8759,8
8760,3
8761,8
8762,4
8763,26
8764,4
8765,1
8766,3
8767,9
8768,1
8769,3
8770,3
8771,10
8772,1
8773,19
8774,33
8775,3
8776,3
8777,4
8778,10
8779,1
8780,16
8781,3
8782,16
8783,19
8784,16
8785,3
8786,3
8787,3
8788,18
8789,3
8790,4
8791,28
8792,19
8793,4
8794,4
8795,3
8796,3
8797,25
8798,4
8799,3
8800,3
8801,3
8802,24
8803,16
8804,3
8805,4
8806,16
8807,4
8808,4
8809,4
8810,27
8811,4
8812,11
8813,1
8814,4
8815,8
8816,3
8817,3
8818,3
8819,3
8820,3
8821,3
8822,3
8823,3
8824,4
8825,1
8826,18
8827,39
8828,3
8829,11
8830,3
8831,3
8832,4
8833,13
8834,14
8835,26
8836,11
8837,16
8838,3
8839,2
8840,3
8841,19
8842,20
8843,8
8844,4
8845,8
8846,14
8847,3
8848,3
8849,4
8850,36
8851,4
8852,4
8853,21
8854,3
8855,4
8856,4
8857,3
8858,8
8859,19
8860,21
8861,4
8862,3
8863,4
8864,8
8865,1
8866,16
8867,4
8868,4
8869,16
8870,3
8871,19
8872,3
8873,19
8874,19
8875,11
8876,11
8877,4
8878,19
8879,4
8880,4
8881,30
8882,1
8883,3
8884,25
8885,25
8886,4
8887,16
8888,4
8889,4
8890,19
8891,4
8892,3
8893,16
8894,12
8895,34
8896,4
8897,3
8898,3
8899,4
8900,3
8901,6
8902,32
8903,3
8904,4
8905,3
8906,4
8907,3
8908,3
8909,3
8910,19
8911,11
8912,0
8913,4
8914,4
8915,4
8916,3
8917,4
8918,4
8919,3
8920,45
8921,4
8922,3
8923,3
8924,10
8925,3
8926,18
8927,16
8928,1
8929,3
8930,3
8931,16
8932,4
8933,22
8934,3
8935,3
8936,4
8937,3
8938,4
8939,31
8940,4
8941,19
8942,12
8943,19
8944,2
8945,3
8946,18
8947,4
8948,3
8949,1
8950,4
8951,4
8952,4
8953,13
8954,3
8955,4
8956,3
8957,4
8958,25
8959,18
8960,19
8961,13
8962,3
8963,4
8964,4
8965,4
8966,4
8967,19
8968,3
8969,4
8970,3
8971,19
8972,19
8973,3
8974,3
8975,3
8976,4
8977,19
8978,19
8979,25
8980,3
8981,25
8982,3
8983,10
8984,1
8985,4
8986,4
8987,3
8988,3
8989,3
8990,3
8991,3
8992,5
8993,4
8994,1
8995,3
8996,1
8997,11
8998,23
8999,3
9000,19
9001,3
9002,8
9003,3
9004,3
9005,3
9006,9
9007,3
9008,4
9009,6
9010,10
9011,3
9012,3
9013,10
9014,20
9015,1
9016,19
9017,4
9018,40
9019,1
9020,4
9021,3
9022,15
9023,21
9024,3
9025,34
9026,4
9027,4
9028,3
9029,4
9030,3
9031,11
9032,20
9033,3
9034,1
9035,3
9036,3
9037,4
9038,26
9039,4
9040,20
9041,19
9042,4
9043,3
9044,4
9045,4
9046,4
9047,3
9048,3
9049,1
9050,3
9051,4
9052,21
9053,16
9054,3
9055,19
9056,43
9057,2
9058,1
9059,3
9060,39
9061,4
9062,3
9063,3
9064,3
9065,11
9066,19
9067,20
9068,1
9069,11
9070,4
9071,3
9072,3
9073,4
9074,3
9075,4
9076,3
9077,11
9078,11
9079,3
9080,20
9081,28
9082,8
9083,1
9084,20
9085,3
9086,3
9087,2
9088,4
9089,4
9090,4
9091,4
9092,3
9093,3
9094,4
9095,3
9096,33
9097,3
9098,4
9099,4
9100,3
9101,4
9102,3
9103,4
9104,19
9105,4
9106,18
9107,3
9108,19
9109,3
9110,3
9111,3
9112,19
9113,3
9114,1
9115,3
9116,23
9117,4
9118,13
9119,1
9120,3
9121,3
9122,3
9123,3
9124,4
9125,4
9126,19
9127,4
9128,4
9129,24
9130,3
9131,3
9132,11
9133,4
9134,3
9135,3
9136,41
9137,1
9138,3
9139,3
9140,11
9141,17
9142,3
9143,3
9144,2
9145,4
9146,3
9147,4
9148,3
9149,10
9150,3
9151,3
9152,3
9153,20
9154,3
9155,12
9156,18
9157,21
9158,1
9159,17
9160,3
9161,3
9162,19
9163,20
9164,3
9165,19
9166,3
9167,21
9168,3
9169,3
9170,6
9171,35
9172,19
9173,3
9174,34
9175,36
9176,8
9177,21
9178,3
9179,4
9180,25
9181,4
9182,16
9183,16
9184,19
9185,3
9186,3
9187,4
9188,4
9189,19
9190,2
9191,4
9192,3
9193,4
9194,3
9195,3
9196,3
9197,20
9198,4
9199,26
9200,3
9201,3
9202,3
9203,3
9204,3
9205,4
9206,13
9207,3
9208,31
9209,16
9210,20
9211,3
9212,4
9213,19
9214,20
9215,11
9216,9
9217,1
9218,3
9219,3
9220,13
9221,3
9222,19
9223,1
9224,4
9225,4
9226,11
9227,3
9228,3
9229,4
9230,19
9231,3
9232,4
9233,4
9234,3
9235,3
9236,25
9237,4
9238,31
9239,4
9240,26
9241,11
9242,19
9243,4
9244,4
9245,4
9246,18
9247,3
9248,4
9249,4
9250,3
9251,10
9252,4
9253,19
9254,3
9255,3
9256,20
9257,3
9258,4
9259,19
9260,16
9261,3
9262,3
9263,4
9264,16
9265,4
9266,3
9267,3
9268,3
9269,3
9270,4
9271,10
9272,3
9273,25
9274,1
9275,3
9276,4
9277,16
9278,4
9279,4
9280,4
9281,16
9282,3
9283,11
9284,3
9285,19
9286,16
9287,3
9288,6
9289,3
9290,16
9291,3
9292,16
9293,21
9294,4
9295,3
9296,4
9297,1
9298,16
9299,4
9300,2
9301,3
9302,35
9303,3
9304,25
9305,8
9306,3
9307,3
9308,19
9309,3
9310,19
9311,4
9312,19
9313,3
9314,4
9315,3
9316,3
9317,19
9318,4
9319,19
9320,26
9321,3
9322,19
9323,24
9324,3
9325,3
9326,4
9327,3
9328,4
9329,3
9330,17
9331,4
9332,4
9333,3
9334,3
9335,3
9336,19
9337,43
9338,3
9339,9
9340,3
9341,4
9342,4
9343,10
9344,4
9345,21
9346,3
9347,3
9348,9
9349,3
9350,3
9351,11
9352,11
9353,1
9354,4
9355,1
9356,11
9357,3
9358,38
9359,3
9360,3
9361,3
9362,10
9363,3
9364,19
9365,16
9366,19
9367,20
9368,6
9369,3
9370,4
9371,39
9372,3
9373,44
9374,16
9375,3
9376,22
9377,3
9378,3
9379,16
9380,1
9381,19
9382,4
9383,11
9384,9
9385,3
9386,4
9387,3
9388,3
9389,3
9390,1
9391,3
9392,3
9393,4
9394,13
9395,3
9396,3
9397,4
9398,3
9399,4
9400,24
9401,4
9402,3
9403,1
9404,24
9405,4
9406,3
9407,1
9408,41
9409,13
9410,3
9411,21
9412,1
9413,3
9414,3
9415,3
9416,3
9417,9
9418,4
9419,2
9420,19
9421,19
9422,32
9423,3
9424,4
9425,3
9426,4
9427,8
9428,19
9429,1
9430,3
9431,12
9432,19
9433,19
9434,34
9435,3
9436,4
9437,3
9438,3
9439,1
9440,39
9441,19
9442,4
9443,4
9444,4
9445,3
9446,4
9447,4
9448,22
9449,13
9450,4
9451,3
9452,19
9453,4
9454,4
9455,3
9456,20
9457,1
9458,4
9459,3
9460,3
9461,3
9462,3
9463,3
9464,16
9465,4
9466,11
9467,3
9468,19
9469,40
9470,4
9471,3
9472,3
9473,3
9474,3
9475,4
9476,4
9477,25
9478,6
9479,3
9480,4
9481,3
9482,3
9483,3
9484,4
9485,1
9486,4
9487,4
9488,3
9489,4
9490,4
9491,4
9492,3
9493,1
9494,19
9495,41
9496,15
9497,4
9498,9
9499,1
9500,3
9501,11
9502,3
9503,3
9504,4
9505,21
9506,4
9507,19
9508,19
9509,13
9510,4
9511,44
9512,4
9513,13
9514,4
9515,20
9516,4
9517,4
9518,3
9519,19
9520,30
9521,26
9522,2
9523,24
9524,3
9525,37
9526,4
9527,20
9528,31
9529,4
9530,34
9531,3
9532,4
9533,3
9534,16
9535,31
9536,10
9537,3
9538,3
9539,19
9540,16
9541,32
9542,3
9543,20
9544,3
9545,3
9546,41
9547,11
9548,3
9549,4
9550,4
9551,8
9552,3
9553,8
9554,16
9555,3
9556,3
9557,4
9558,4
9559,19
9560,4
9561,3
9562,3
9563,16
9564,3
9565,3
9566,16
9567,4
9568,25
9569,36
9570,4
9571,28
9572,4
9573,19
9574,4
9575,3
9576,20
9577,3
9578,3
9579,16
9580,3
9581,36
9582,3
9583,18
9584,3
9585,3
9586,4
9587,20
9588,4
9589,3
9590,4
9591,11
9592,19
9593,20
9594,4
9595,4
9596,3
9597,3
9598,3
9599,4
9600,0
9601,1
9602,4
9603,3
9604,3
9605,1
9606,39
9607,3
9608,19
9609,36
9610,3
9611,11
9612,4
9613,3
9614,16
9615,3
9616,3
9617,3
9618,4
9619,35
9620,19
9621,3
9622,3
9623,3
9624,3
9625,3
9626,3
9627,16
9628,18
9629,3
9630,19
9631,1
9632,16
9633,4
9634,3
9635,3
9636,4
9637,3
9638,1
9639,1
9640,4
9641,22
9642,4
9643,19
9644,3
9645,12
9646,8
9647,3
9648,3
9649,4
9650,23
9651,3
9652,4
9653,4
9654,3
9655,4
9656,3
9657,3
9658,20
9659,1
9660,12
9661,3
9662,4
9663,16
9664,3
9665,16
9666,3
9667,3
9668,3
9669,1
9670,3
9671,19
9672,20
9673,4
9674,2
9675,3
9676,3
9677,20
9678,35
9679,11
9680,1
9681,4
9682,11
9683,28
9684,13
9685,4
9686,3
9687,25
9688,3
9689,19
9690,3
9691,21
9692,23
9693,3
9694,3
9695,1
9696,8
9697,3
9698,3
9699,40
9700,3
9701,40
9702,4
9703,11
9704,4
9705,4
9706,4
9707,11
9708,3
9709,23
9710,3
9711,19
9712,3
9713,30
9714,3
9715,16
9716,3
9717,3
9718,19
9719,3
9720,4
9721,3
9722,4
9723,9
9724,3
9725,0
9726,42
9727,3
9728,4
9729,3
9730,16
9731,3
9732,4
9733,3
9734,3
9735,3
9736,4
9737,16
9738,3
9739,4
9740,4
9741,5
9742,11
9743,8
9744,3
9745,4
9746,3
9747,4
9748,3
9749,3
9750,16
9751,19
9752,3
9753,4
9754,3
9755,10
9756,3
9757,3
9758,3
9759,11
9760,3
9761,11
9762,0
9763,3
9764,24
9765,3
9766,1
9767,3
9768,13
9769,37
9770,3
9771,3
9772,3
9773,21
9774,10
9775,3
9776,4
9777,4
9778,3
9779,19
9780,4
9781,20
9782,9
9783,4
9784,4
9785,3
9786,36
9787,4
9788,11
9789,4
9790,4
9791,3
9792,4
9793,3
9794,3
9795,3
9796,11
9797,1
9798,3
9799,3
9800,20
9801,1
9802,23
9803,20
9804,32
9805,3
9806,3
9807,3
9808,12
9809,3
9810,3
9811,11
9812,3
9813,3
9814,4
9815,19
9816,3
9817,3
9818,31
9819,10
9820,3
9821,3
9822,3
9823,1
9824,11
9825,3
9826,20
9827,6
9828,41
9829,4
9830,11
9831,9
9832,3
9833,3
9834,19
9835,27
9836,11
9837,8
9838,4
9839,3
9840,28
9841,11
9842,3
9843,16
9844,11
9845,4
9846,24
9847,16
9848,11
9849,10
9850,16
9851,3
9852,16
9853,19
9854,24
9855,3
9856,26
9857,32
9858,16
9859,19
9860,3
9861,3
9862,15
9863,3
9864,8
9865,3
9866,4
9867,1
9868,1
9869,13
9870,41
9871,4
9872,14
9873,23
9874,19
9875,3
9876,3
9877,3
9878,28
9879,11
9880,7
9881,4
9882,3
9883,8
9884,8
9885,19
9886,20
9887,4
9888,3
9889,4
9890,3
9891,3
9892,4
9893,33
9894,19
9895,3
9896,3
9897,3
9898,11
9899,21
9900,4
9901,4
9902,19
9903,3
9904,4
9905,3
9906,3
9907,19
9908,3
9909,3
9910,20
9911,3
9912,19
9913,19
9914,24
9915,28
9916,20
9917,3
9918,25
9919,5
9920,4
9921,20
9922,24
9923,4
9924,19
9925,4
9926,21
9927,4
9928,3
9929,4
9930,16
9931,1
9932,19
9933,1
9934,3
9935,4
9936,3
9937,3
9938,24
9939,8
9940,32
9941,25
9942,3
9943,16
9944,3
9945,3
9946,3
9947,16
9948,4
9949,3
9950,25
9951,3
9952,18
9953,3
9954,19
9955,3
9956,4
9957,3
9958,3
9959,16
9960,3
9961,4
9962,1
9963,6
9964,12
9965,11
9966,3
9967,3
9968,25
9969,4
9970,0
9971,3
9972,15
9973,19
9974,16
9975,3
9976,4
9977,3
9978,4
9979,3
9980,20
9981,3
9982,13
9983,3
9984,29
9985,16
9986,4
9987,21
9988,4
9989,31
9990,3
9991,9
9992,3
9993,3
9994,4
9995,1
9996,3
9997,1
9998,4
9999,1
10000,13
10001,4
10002,9
10003,3
10004,3
10005,4
10006,11
10007,4
10008,4
10009,3
10010,3
10011,3
10012,20
10013,3
10014,3
10015,1
10016,4
10017,4
10018,3
10019,3
10020,17
10021,19
10022,3
10023,16
10024,31
10025,10
10026,3
10027,34
10028,3
10029,4
10030,4
10031,3
10032,16
10033,16
10034,3
10035,4
10036,3
10037,4
10038,25
10039,3
10040,26
10041,3
10042,3
10043,4
10044,24
10045,4
10046,40
10047,3
10048,3
10049,4
10050,4
10051,4
10052,3
10053,3
10054,2
10055,6
10056,3
10057,3
10058,3
10059,4
10060,3
10061,19
10062,4
10063,28
10064,3
10065,16
10066,4
10067,21
10068,1
10069,3
10070,4
10071,31
10072,8
10073,3
10074,4
10075,3
10076,3
10077,3
10078,4
10079,19
10080,3
10081,3
10082,1
10083,3
10084,3
10085,3
10086,1
10087,25
10088,4
10089,4
10090,19
10091,9
10092,3
10093,8
10094,17
10095,4
10096,3
10097,4
10098,19
10099,3
10100,3
10101,3
10102,3
10103,4
10104,5
